INT	INT	INT	INT	INT	INT	INT	INT	INT	INT	STRING	INT	STRING	INT	INT	INT	INT	INT	INT	INT	INT	INT	INT	INT	INT	INT	INT	INT	INT	INT	INT	INT	INT	INT	INT	INT	INT	INT	INT	INT	INT	INT	INT	INT	INT	INT	INT	INT	INT	INT	INT	INT	INT	INT	INT	INT	INT	INT	INT	INT	INT	INT	INT	INT	INT	INT	INT	INT	INT	INT	INT	INT	INT	INT	INT	INT	INT	INT	INT	INT	INT	INT	INT	STRING
Index	class(基本类型)	Quality(品质)	Type(类别)	Index(物品号)	EquipPoint(装备点)	Visual	适应规则	套装编号	套装件数	Name(名称)	Lv(需求等级)	Desc(说明)	基本价格	Max耐久	修理失败上限	镶嵌宝石上限	增加HP的上限	百分比增加HP的上限	加快HP的回复速度	增加MP的上限	百分比增加MP的上限	加快MP的回复速度	冰攻击	冰抵抗	减少冰冻迟缓时间	火攻击	火抵抗	减少火烧持续时间	电攻击	电抵抗	减少电击眩晕时间	毒攻击	毒抵抗	减少中毒时间	按百分比抵消所有属性攻击	物理攻击	按百分比增加物理攻击	对装备基础物理攻击百分比加成	物理防御	按百分比增加物理防御	对装备基础物理防御百分比加成	按百分比抵消物理伤害	魔法攻击	按百分比增加魔法攻击	对装备基础魔法攻击百分比加成	魔法防御	按百分比增加魔法防御	对装备基础魔法防御百分比加成	按百分比抵消魔法伤害	攻击速度(两次攻击间隔时间)	魔法冷却速度	命中	闪避	会心一击（双倍攻击）的百分比	无视对方防御比率	移动速度百分比	伤害反射	伤害由内力抵消	力量	灵气	体制	定力	身法	悟性	增加所有的人物一级属性	生命偷取	内力偷取	增加某个技能等级	增加所有技能等级	特殊技能发动概率	基础物理攻击下限	基础物理攻击上限	基础魔法攻击下限	基础魔法攻击上限	基础攻击速度下限(废弃)	基础攻击速度上限(废弃)	基础物理防御下限	基础物理防御上限	基础魔法防御下限	基础魔法防御上限	基础闪避下限	基础闪避上限	图标
10200001	1	2	0	1	0	66	1	-1	-1	柳叶刀	10	10级标准，大刀类	192	60	6	0	377000	-1	-1	377000	-1	-1	377000	-1	-1	377000	-1	-1	377000	-1	-1	377000	-1	-1	-1	1275000	630000	-1	-1	-1	-1	-1	1275000	630000	-1	-1	-1	-1	-1	-1	-1	1275000	-1	377000	25000	-1	-1	-1	-1	-1	-1	-1	-1	-1	-1	25000	25000	-1	-1	-1	10	-1	10	-1	-1	-1	-1	-1	-1	-1	-1	-1	Broadsword1_12
10200002	1	2	0	2	0	71	1	-1	-1	宿铁刀	20	20级标准，大刀类	240	60	6	0	377000	-1	-1	377000	-1	-1	377000	-1	-1	377000	-1	-1	377000	-1	-1	377000	-1	-1	-1	1275000	630000	-1	-1	-1	-1	-1	1275000	630000	-1	-1	-1	-1	-1	-1	-1	1275000	-1	377000	25000	-1	-1	-1	-1	-1	-1	-1	-1	-1	-1	25000	25000	-1	-1	-1	20	-1	20	-1	-1	-1	-1	-1	-1	-1	-1	-1	Broadsword1_7
10200003	1	2	0	3	0	76	1	-1	-1	鬼眼法刀	30	30级标准，大刀类	336	70	7	0	377000	-1	-1	377000	-1	-1	377000	-1	-1	377000	-1	-1	377000	-1	-1	377000	-1	-1	-1	1275000	630000	-1	-1	-1	-1	-1	1275000	630000	-1	-1	-1	-1	-1	-1	-1	1275000	-1	377000	25000	-1	-1	-1	-1	-1	-1	-1	-1	-1	-1	25000	25000	-1	-1	-1	31	-1	31	-1	-1	-1	-1	-1	-1	-1	-1	-1	Broadsword1_16
10200004	1	2	0	4	0	81	1	-1	-1	七星宝刀	40	40级标准，大刀类	432	70	7	1	377000	-1	-1	377000	-1	-1	377000	-1	-1	377000	-1	-1	377000	-1	-1	377000	-1	-1	-1	1275000	630000	-1	-1	-1	-1	-1	1275000	630000	-1	-1	-1	-1	-1	-1	-1	1275000	-1	377000	25000	-1	-1	-1	-1	-1	-1	-1	-1	-1	-1	25000	25000	-1	-1	-1	42	-1	42	-1	-1	-1	-1	-1	-1	-1	-1	-1	Broadsword4_8
10200005	1	2	0	5	0	86	1	-1	-1	妖刀蚀月	50	50级标准，大刀类	624	80	8	1	377000	-1	-1	377000	-1	-1	377000	-1	-1	377000	-1	-1	377000	-1	-1	377000	-1	-1	-1	1275000	630000	-1	-1	-1	-1	-1	1275000	630000	-1	-1	-1	-1	-1	-1	-1	1275000	-1	377000	25000	-1	-1	-1	-1	-1	-1	-1	-1	-1	-1	25000	25000	-1	-1	-1	55	-1	55	-1	-1	-1	-1	-1	-1	-1	-1	-1	Broadsword3_4
10200006	1	2	0	6	0	91	1	-1	-1	寻荒古刀	60	60级标准，大刀类	816	80	8	2	377000	-1	-1	377000	-1	-1	377000	-1	-1	377000	-1	-1	377000	-1	-1	377000	-1	-1	-1	1275000	630000	-1	-1	-1	-1	-1	1275000	630000	-1	-1	-1	-1	-1	-1	-1	1275000	-1	377000	25000	-1	-1	-1	-1	-1	-1	-1	-1	-1	-1	25000	25000	-1	-1	-1	68	-1	68	-1	-1	-1	-1	-1	-1	-1	-1	-1	Broadsword4_3
10200007	1	2	0	7	0	96	1	-1	-1	大刀鹏翼	70	70级标准，大刀类	1056	90	9	2	377000	-1	-1	377000	-1	-1	377000	-1	-1	377000	-1	-1	377000	-1	-1	377000	-1	-1	-1	1275000	630000	-1	-1	-1	-1	-1	1275000	630000	-1	-1	-1	-1	-1	-1	-1	1275000	-1	377000	25000	-1	-1	-1	-1	-1	-1	-1	-1	-1	-1	25000	25000	-1	-1	-1	85	-1	85	-1	-1	-1	-1	-1	-1	-1	-1	-1	Broadsword1_1
10200008	1	2	0	8	0	101	1	-1	-1	龙骨宝刀	80	80级标准，大刀类	1344	90	9	3	377000	-1	-1	377000	-1	-1	377000	-1	-1	377000	-1	-1	377000	-1	-1	377000	-1	-1	-1	1275000	630000	-1	-1	-1	-1	-1	1275000	630000	-1	-1	-1	-1	-1	-1	-1	1275000	-1	377000	25000	-1	-1	-1	-1	-1	-1	-1	-1	-1	-1	25000	25000	-1	-1	-1	100	-1	100	-1	-1	-1	-1	-1	-1	-1	-1	-1	Broadsword3_12
10200009	1	2	0	9	0	106	1	-1	-1	狂刀吞天	90	90级标准，大刀类	1776	100	10	3	377000	-1	-1	377000	-1	-1	377000	-1	-1	377000	-1	-1	377000	-1	-1	377000	-1	-1	-1	1275000	630000	-1	-1	-1	-1	-1	1275000	630000	-1	-1	-1	-1	-1	-1	-1	1275000	-1	377000	25000	-1	-1	-1	-1	-1	-1	-1	-1	-1	-1	25000	25000	-1	-1	-1	117	-1	117	-1	-1	-1	-1	-1	-1	-1	-1	-1	Broadsword4_11
10200010	1	2	0	10	0	111	1	-1	-1	魔刀残沧	100	100级标准，大刀类	2304	100	10	3	377000	-1	-1	377000	-1	-1	377000	-1	-1	377000	-1	-1	377000	-1	-1	377000	-1	-1	-1	1275000	630000	-1	-1	-1	-1	-1	1275000	630000	-1	-1	-1	-1	-1	-1	-1	1275000	-1	377000	25000	-1	-1	-1	-1	-1	-1	-1	-1	-1	-1	25000	25000	-1	-1	-1	138	-1	138	-1	-1	-1	-1	-1	-1	-1	-1	-1	Broadsword2_12
10201001	1	2	1	1	0	6	1	-1	-1	赤铁棒?	10	10级标准，长枪类	192	60	6	0	377000	-1	-1	377000	-1	-1	377000	-1	-1	377000	-1	-1	377000	-1	-1	377000	-1	-1	-1	1275000	630000	-1	-1	-1	-1	-1	1275000	630000	-1	-1	-1	-1	-1	-1	-1	1275000	-1	377000	25000	-1	-1	-1	-1	-1	-1	-1	-1	-1	-1	25000	25000	-1	-1	-1	10	-1	10	-1	-1	-1	-1	-1	-1	-1	-1	-1	Broadsword1_16
10201002	1	2	1	2	0	11	1	-1	-1	雁翎枪	20	20级标准，长枪类	240	60	6	0	377000	-1	-1	377000	-1	-1	377000	-1	-1	377000	-1	-1	377000	-1	-1	377000	-1	-1	-1	1275000	630000	-1	-1	-1	-1	-1	1275000	630000	-1	-1	-1	-1	-1	-1	-1	1275000	-1	377000	25000	-1	-1	-1	-1	-1	-1	-1	-1	-1	-1	25000	25000	-1	-1	-1	20	-1	20	-1	-1	-1	-1	-1	-1	-1	-1	-1	Spear2_1
10201003	1	2	1	3	0	16	1	-1	-1	丈八蛇矛	30	30级标准，长枪类	336	70	7	0	377000	-1	-1	377000	-1	-1	377000	-1	-1	377000	-1	-1	377000	-1	-1	377000	-1	-1	-1	1275000	630000	-1	-1	-1	-1	-1	1275000	630000	-1	-1	-1	-1	-1	-1	-1	1275000	-1	377000	25000	-1	-1	-1	-1	-1	-1	-1	-1	-1	-1	25000	25000	-1	-1	-1	31	-1	31	-1	-1	-1	-1	-1	-1	-1	-1	-1	Spear3_5
10201004	1	2	1	4	0	21	1	-1	-1	方天画戟	40	40级标准，长枪类	432	70	7	1	377000	-1	-1	377000	-1	-1	377000	-1	-1	377000	-1	-1	377000	-1	-1	377000	-1	-1	-1	1275000	630000	-1	-1	-1	-1	-1	1275000	630000	-1	-1	-1	-1	-1	-1	-1	1275000	-1	377000	25000	-1	-1	-1	-1	-1	-1	-1	-1	-1	-1	25000	25000	-1	-1	-1	42	-1	42	-1	-1	-1	-1	-1	-1	-1	-1	-1	Spear1_5
10201005	1	2	1	5	0	26	1	-1	-1	罗汉伏魔杵	50	50级标准，长枪类	624	80	8	1	377000	-1	-1	377000	-1	-1	377000	-1	-1	377000	-1	-1	377000	-1	-1	377000	-1	-1	-1	1275000	630000	-1	-1	-1	-1	-1	1275000	630000	-1	-1	-1	-1	-1	-1	-1	1275000	-1	377000	25000	-1	-1	-1	-1	-1	-1	-1	-1	-1	-1	25000	25000	-1	-1	-1	55	-1	55	-1	-1	-1	-1	-1	-1	-1	-1	-1	Broadsword3_14
10201006	1	2	1	6	0	31	1	-1	-1	冥火战戟	60	60级标准，长枪类	816	80	8	2	377000	-1	-1	377000	-1	-1	377000	-1	-1	377000	-1	-1	377000	-1	-1	377000	-1	-1	-1	1275000	630000	-1	-1	-1	-1	-1	1275000	630000	-1	-1	-1	-1	-1	-1	-1	1275000	-1	377000	25000	-1	-1	-1	-1	-1	-1	-1	-1	-1	-1	25000	25000	-1	-1	-1	68	-1	68	-1	-1	-1	-1	-1	-1	-1	-1	-1	Spear2_10
10201007	1	2	1	7	0	36	1	-1	-1	神戟烈日	70	70级标准，长枪类	1056	90	9	2	377000	-1	-1	377000	-1	-1	377000	-1	-1	377000	-1	-1	377000	-1	-1	377000	-1	-1	-1	1275000	630000	-1	-1	-1	-1	-1	1275000	630000	-1	-1	-1	-1	-1	-1	-1	1275000	-1	377000	25000	-1	-1	-1	-1	-1	-1	-1	-1	-1	-1	25000	25000	-1	-1	-1	85	-1	85	-1	-1	-1	-1	-1	-1	-1	-1	-1	Spear4_3
10201008	1	2	1	8	0	41	1	-1	-1	上星玄棒	80	80级标准，长枪类	1344	90	9	3	377000	-1	-1	377000	-1	-1	377000	-1	-1	377000	-1	-1	377000	-1	-1	377000	-1	-1	-1	1275000	630000	-1	-1	-1	-1	-1	1275000	630000	-1	-1	-1	-1	-1	-1	-1	1275000	-1	377000	25000	-1	-1	-1	-1	-1	-1	-1	-1	-1	-1	25000	25000	-1	-1	-1	100	-1	100	-1	-1	-1	-1	-1	-1	-1	-1	-1	Spear3_4
10201009	1	2	1	9	0	46	1	-1	-1	破星之枪	90	90级标准，长枪类	1776	100	10	3	377000	-1	-1	377000	-1	-1	377000	-1	-1	377000	-1	-1	377000	-1	-1	377000	-1	-1	-1	1275000	630000	-1	-1	-1	-1	-1	1275000	630000	-1	-1	-1	-1	-1	-1	-1	1275000	-1	377000	25000	-1	-1	-1	-1	-1	-1	-1	-1	-1	-1	25000	25000	-1	-1	-1	117	-1	117	-1	-1	-1	-1	-1	-1	-1	-1	-1	Spear3_14
10201010	1	2	1	10	0	51	1	-1	-1	妖枪罗煞	100	100级标准，长枪类	2304	100	10	3	377000	-1	-1	377000	-1	-1	377000	-1	-1	377000	-1	-1	377000	-1	-1	377000	-1	-1	-1	1275000	630000	-1	-1	-1	-1	-1	1275000	630000	-1	-1	-1	-1	-1	-1	-1	1275000	-1	377000	25000	-1	-1	-1	-1	-1	-1	-1	-1	-1	-1	25000	25000	-1	-1	-1	138	-1	138	-1	-1	-1	-1	-1	-1	-1	-1	-1	Spear4_4
10202001	1	2	2	1	0	126	1	-1	-1	短剑	10	10级标准，单短类	192	60	6	0	377000	-1	-1	377000	-1	-1	377000	-1	-1	377000	-1	-1	377000	-1	-1	377000	-1	-1	-1	1275000	630000	-1	-1	-1	-1	-1	1275000	630000	-1	-1	-1	-1	-1	-1	-1	1275000	-1	377000	25000	-1	-1	-1	-1	-1	-1	-1	-1	-1	-1	25000	25000	-1	-1	-1	10	-1	10	-1	-1	-1	-1	-1	-1	-1	-1	-1	Sword2_15
10202002	1	2	2	2	0	131	1	-1	-1	青钢剑	20	20级标准，单短类	240	60	6	0	377000	-1	-1	377000	-1	-1	377000	-1	-1	377000	-1	-1	377000	-1	-1	377000	-1	-1	-1	1275000	630000	-1	-1	-1	-1	-1	1275000	630000	-1	-1	-1	-1	-1	-1	-1	1275000	-1	377000	25000	-1	-1	-1	-1	-1	-1	-1	-1	-1	-1	25000	25000	-1	-1	-1	20	-1	20	-1	-1	-1	-1	-1	-1	-1	-1	-1	Sword2_2
10202003	1	2	2	3	0	136	1	-1	-1	昆吾剑	30	30级标准，单短类	336	70	7	0	377000	-1	-1	377000	-1	-1	377000	-1	-1	377000	-1	-1	377000	-1	-1	377000	-1	-1	-1	1275000	630000	-1	-1	-1	-1	-1	1275000	630000	-1	-1	-1	-1	-1	-1	-1	1275000	-1	377000	25000	-1	-1	-1	-1	-1	-1	-1	-1	-1	-1	25000	25000	-1	-1	-1	31	-1	31	-1	-1	-1	-1	-1	-1	-1	-1	-1	Sword2_3
10202004	1	2	2	4	0	141	1	-1	-1	千月星痕	40	40级标准，单短类	432	70	7	1	377000	-1	-1	377000	-1	-1	377000	-1	-1	377000	-1	-1	377000	-1	-1	377000	-1	-1	-1	1275000	630000	-1	-1	-1	-1	-1	1275000	630000	-1	-1	-1	-1	-1	-1	-1	1275000	-1	377000	25000	-1	-1	-1	-1	-1	-1	-1	-1	-1	-1	25000	25000	-1	-1	-1	42	-1	42	-1	-1	-1	-1	-1	-1	-1	-1	-1	Sword1_6
10202005	1	2	2	5	0	146	1	-1	-1	冥蛇剑	50	50级标准，单短类	624	80	8	1	377000	-1	-1	377000	-1	-1	377000	-1	-1	377000	-1	-1	377000	-1	-1	377000	-1	-1	-1	1275000	630000	-1	-1	-1	-1	-1	1275000	630000	-1	-1	-1	-1	-1	-1	-1	1275000	-1	377000	25000	-1	-1	-1	-1	-1	-1	-1	-1	-1	-1	25000	25000	-1	-1	-1	55	-1	55	-1	-1	-1	-1	-1	-1	-1	-1	-1	Sword4_12
10202006	1	2	2	6	0	151	1	-1	-1	邪剑血魔	60	60级标准，单短类	816	80	8	2	377000	-1	-1	377000	-1	-1	377000	-1	-1	377000	-1	-1	377000	-1	-1	377000	-1	-1	-1	1275000	630000	-1	-1	-1	-1	-1	1275000	630000	-1	-1	-1	-1	-1	-1	-1	1275000	-1	377000	25000	-1	-1	-1	-1	-1	-1	-1	-1	-1	-1	25000	25000	-1	-1	-1	68	-1	68	-1	-1	-1	-1	-1	-1	-1	-1	-1	Sword3_7
10202007	1	2	2	7	0	156	1	-1	-1	皇龙剑	70	70级标准，单短类	1056	90	9	2	377000	-1	-1	377000	-1	-1	377000	-1	-1	377000	-1	-1	377000	-1	-1	377000	-1	-1	-1	1275000	630000	-1	-1	-1	-1	-1	1275000	630000	-1	-1	-1	-1	-1	-1	-1	1275000	-1	377000	25000	-1	-1	-1	-1	-1	-1	-1	-1	-1	-1	25000	25000	-1	-1	-1	85	-1	85	-1	-1	-1	-1	-1	-1	-1	-1	-1	Sword3_12
10202008	1	2	2	8	0	161	1	-1	-1	龙泉	80	80级标准，单短类	1344	90	9	3	377000	-1	-1	377000	-1	-1	377000	-1	-1	377000	-1	-1	377000	-1	-1	377000	-1	-1	-1	1275000	630000	-1	-1	-1	-1	-1	1275000	630000	-1	-1	-1	-1	-1	-1	-1	1275000	-1	377000	25000	-1	-1	-1	-1	-1	-1	-1	-1	-1	-1	25000	25000	-1	-1	-1	100	-1	100	-1	-1	-1	-1	-1	-1	-1	-1	-1	Sword1_1
10202009	1	2	2	9	0	166	1	-1	-1	鱼肠	90	90级标准，单短类	1776	100	10	3	377000	-1	-1	377000	-1	-1	377000	-1	-1	377000	-1	-1	377000	-1	-1	377000	-1	-1	-1	1275000	630000	-1	-1	-1	-1	-1	1275000	630000	-1	-1	-1	-1	-1	-1	-1	1275000	-1	377000	25000	-1	-1	-1	-1	-1	-1	-1	-1	-1	-1	25000	25000	-1	-1	-1	117	-1	117	-1	-1	-1	-1	-1	-1	-1	-1	-1	Sword3_9
10202010	1	2	2	10	0	171	1	-1	-1	神剑飞扬	100	100级标准，单短类	2304	100	10	3	377000	-1	-1	377000	-1	-1	377000	-1	-1	377000	-1	-1	377000	-1	-1	377000	-1	-1	-1	1275000	630000	-1	-1	-1	-1	-1	1275000	630000	-1	-1	-1	-1	-1	-1	-1	1275000	-1	377000	25000	-1	-1	-1	-1	-1	-1	-1	-1	-1	-1	25000	25000	-1	-1	-1	138	-1	138	-1	-1	-1	-1	-1	-1	-1	-1	-1	Sword4_9
10203001	1	2	3	1	0	306	1	-1	-1	鸳鸯刀	10	10级标准，双短类	192	60	6	0	377000	-1	-1	377000	-1	-1	377000	-1	-1	377000	-1	-1	377000	-1	-1	377000	-1	-1	-1	1275000	630000	-1	-1	-1	-1	-1	1275000	630000	-1	-1	-1	-1	-1	-1	-1	1275000	-1	377000	25000	-1	-1	-1	-1	-1	-1	-1	-1	-1	-1	25000	25000	-1	-1	-1	10	-1	10	-1	-1	-1	-1	-1	-1	-1	-1	-1	BothHands1_6
10203002	1	2	3	2	0	311	1	-1	-1	两仪剑	20	20级标准，双短类	240	60	6	0	377000	-1	-1	377000	-1	-1	377000	-1	-1	377000	-1	-1	377000	-1	-1	377000	-1	-1	-1	1275000	630000	-1	-1	-1	-1	-1	1275000	630000	-1	-1	-1	-1	-1	-1	-1	1275000	-1	377000	25000	-1	-1	-1	-1	-1	-1	-1	-1	-1	-1	25000	25000	-1	-1	-1	20	-1	20	-1	-1	-1	-1	-1	-1	-1	-1	-1	BothHands2_3
10203003	1	2	3	3	0	316	1	-1	-1	翡玉双剑	30	30级标准，双短类	336	70	7	0	377000	-1	-1	377000	-1	-1	377000	-1	-1	377000	-1	-1	377000	-1	-1	377000	-1	-1	-1	1275000	630000	-1	-1	-1	-1	-1	1275000	630000	-1	-1	-1	-1	-1	-1	-1	1275000	-1	377000	25000	-1	-1	-1	-1	-1	-1	-1	-1	-1	-1	25000	25000	-1	-1	-1	31	-1	31	-1	-1	-1	-1	-1	-1	-1	-1	-1	BothHands2_5
10203004	1	2	3	4	0	321	1	-1	-1	子母剑	40	40级标准，双短类	432	70	7	1	377000	-1	-1	377000	-1	-1	377000	-1	-1	377000	-1	-1	377000	-1	-1	377000	-1	-1	-1	1275000	630000	-1	-1	-1	-1	-1	1275000	630000	-1	-1	-1	-1	-1	-1	-1	1275000	-1	377000	25000	-1	-1	-1	-1	-1	-1	-1	-1	-1	-1	25000	25000	-1	-1	-1	42	-1	42	-1	-1	-1	-1	-1	-1	-1	-1	-1	BothHands1_1
10203005	1	2	3	5	0	326	1	-1	-1	君子剑	50	50级标准，双短类	624	80	8	1	377000	-1	-1	377000	-1	-1	377000	-1	-1	377000	-1	-1	377000	-1	-1	377000	-1	-1	-1	1275000	630000	-1	-1	-1	-1	-1	1275000	630000	-1	-1	-1	-1	-1	-1	-1	1275000	-1	377000	25000	-1	-1	-1	-1	-1	-1	-1	-1	-1	-1	25000	25000	-1	-1	-1	55	-1	55	-1	-1	-1	-1	-1	-1	-1	-1	-1	BothHands2_8
10203006	1	2	3	6	0	331	1	-1	-1	墨曜剑	60	60级标准，双短类	816	80	8	2	377000	-1	-1	377000	-1	-1	377000	-1	-1	377000	-1	-1	377000	-1	-1	377000	-1	-1	-1	1275000	630000	-1	-1	-1	-1	-1	1275000	630000	-1	-1	-1	-1	-1	-1	-1	1275000	-1	377000	25000	-1	-1	-1	-1	-1	-1	-1	-1	-1	-1	25000	25000	-1	-1	-1	68	-1	68	-1	-1	-1	-1	-1	-1	-1	-1	-1	BothHands3_2
10203007	1	2	3	7	0	336	1	-1	-1	太虚剑	70	70级标准，双短类	1056	90	9	2	377000	-1	-1	377000	-1	-1	377000	-1	-1	377000	-1	-1	377000	-1	-1	377000	-1	-1	-1	1275000	630000	-1	-1	-1	-1	-1	1275000	630000	-1	-1	-1	-1	-1	-1	-1	1275000	-1	377000	25000	-1	-1	-1	-1	-1	-1	-1	-1	-1	-1	25000	25000	-1	-1	-1	85	-1	85	-1	-1	-1	-1	-1	-1	-1	-1	-1	BothHands3_11
10203008	1	2	3	8	0	341	1	-1	-1	文殊剑	80	80级标准，双短类	1344	90	9	3	377000	-1	-1	377000	-1	-1	377000	-1	-1	377000	-1	-1	377000	-1	-1	377000	-1	-1	-1	1275000	630000	-1	-1	-1	-1	-1	1275000	630000	-1	-1	-1	-1	-1	-1	-1	1275000	-1	377000	25000	-1	-1	-1	-1	-1	-1	-1	-1	-1	-1	25000	25000	-1	-1	-1	100	-1	100	-1	-1	-1	-1	-1	-1	-1	-1	-1	BothHands3_15
10203009	1	2	3	9	0	346	1	-1	-1	封雪剑	90	90级标准，双短类	1776	100	10	3	377000	-1	-1	377000	-1	-1	377000	-1	-1	377000	-1	-1	377000	-1	-1	377000	-1	-1	-1	1275000	630000	-1	-1	-1	-1	-1	1275000	630000	-1	-1	-1	-1	-1	-1	-1	1275000	-1	377000	25000	-1	-1	-1	-1	-1	-1	-1	-1	-1	-1	25000	25000	-1	-1	-1	117	-1	117	-1	-1	-1	-1	-1	-1	-1	-1	-1	BothHands4_10
10203010	1	2	3	10	0	351	1	-1	-1	赤龙牙	100	100级标准，双短类	2304	100	10	3	377000	-1	-1	377000	-1	-1	377000	-1	-1	377000	-1	-1	377000	-1	-1	377000	-1	-1	-1	1275000	630000	-1	-1	-1	-1	-1	1275000	630000	-1	-1	-1	-1	-1	-1	-1	1275000	-1	377000	25000	-1	-1	-1	-1	-1	-1	-1	-1	-1	-1	25000	25000	-1	-1	-1	138	-1	138	-1	-1	-1	-1	-1	-1	-1	-1	-1	BothHands4_9
10204001	1	2	4	1	0	246	1	-1	-1	檀香扇	10	10级标准，扇类	192	60	6	0	377000	-1	-1	377000	-1	-1	377000	-1	-1	377000	-1	-1	377000	-1	-1	377000	-1	-1	-1	1275000	630000	-1	-1	-1	-1	-1	1275000	630000	-1	-1	-1	-1	-1	-1	-1	1275000	-1	377000	25000	-1	-1	-1	-1	-1	-1	-1	-1	-1	-1	25000	25000	-1	-1	-1	10	-1	10	-1	-1	-1	-1	-1	-1	-1	-1	-1	Fan1_8
10204002	1	2	4	2	0	251	1	-1	-1	绢宫扇	20	20级标准，扇类	240	60	6	0	377000	-1	-1	377000	-1	-1	377000	-1	-1	377000	-1	-1	377000	-1	-1	377000	-1	-1	-1	1275000	630000	-1	-1	-1	-1	-1	1275000	630000	-1	-1	-1	-1	-1	-1	-1	1275000	-1	377000	25000	-1	-1	-1	-1	-1	-1	-1	-1	-1	-1	25000	25000	-1	-1	-1	20	-1	20	-1	-1	-1	-1	-1	-1	-1	-1	-1	Fan1_11
10204003	1	2	4	3	0	256	1	-1	-1	葵织扇	30	30级标准，扇类	336	70	7	0	377000	-1	-1	377000	-1	-1	377000	-1	-1	377000	-1	-1	377000	-1	-1	377000	-1	-1	-1	1275000	630000	-1	-1	-1	-1	-1	1275000	630000	-1	-1	-1	-1	-1	-1	-1	1275000	-1	377000	25000	-1	-1	-1	-1	-1	-1	-1	-1	-1	-1	25000	25000	-1	-1	-1	31	-1	31	-1	-1	-1	-1	-1	-1	-1	-1	-1	Fan1_13
10204004	1	2	4	4	0	261	1	-1	-1	策妖扇	40	40级标准，扇类	432	70	7	1	377000	-1	-1	377000	-1	-1	377000	-1	-1	377000	-1	-1	377000	-1	-1	377000	-1	-1	-1	1275000	630000	-1	-1	-1	-1	-1	1275000	630000	-1	-1	-1	-1	-1	-1	-1	1275000	-1	377000	25000	-1	-1	-1	-1	-1	-1	-1	-1	-1	-1	25000	25000	-1	-1	-1	42	-1	42	-1	-1	-1	-1	-1	-1	-1	-1	-1	Fan2_8
10204005	1	2	4	5	0	266	1	-1	-1	火鳞扇	50	50级标准，扇类	624	80	8	1	377000	-1	-1	377000	-1	-1	377000	-1	-1	377000	-1	-1	377000	-1	-1	377000	-1	-1	-1	1275000	630000	-1	-1	-1	-1	-1	1275000	630000	-1	-1	-1	-1	-1	-1	-1	1275000	-1	377000	25000	-1	-1	-1	-1	-1	-1	-1	-1	-1	-1	25000	25000	-1	-1	-1	55	-1	55	-1	-1	-1	-1	-1	-1	-1	-1	-1	Fan2_15
10204006	1	2	4	6	0	271	1	-1	-1	释龙扇	60	60级标准，扇类	816	80	8	2	377000	-1	-1	377000	-1	-1	377000	-1	-1	377000	-1	-1	377000	-1	-1	377000	-1	-1	-1	1275000	630000	-1	-1	-1	-1	-1	1275000	630000	-1	-1	-1	-1	-1	-1	-1	1275000	-1	377000	25000	-1	-1	-1	-1	-1	-1	-1	-1	-1	-1	25000	25000	-1	-1	-1	68	-1	68	-1	-1	-1	-1	-1	-1	-1	-1	-1	Fan3_7
10204007	1	2	4	7	0	276	1	-1	-1	诛鬼扇	70	70级标准，扇类	1056	90	9	2	377000	-1	-1	377000	-1	-1	377000	-1	-1	377000	-1	-1	377000	-1	-1	377000	-1	-1	-1	1275000	630000	-1	-1	-1	-1	-1	1275000	630000	-1	-1	-1	-1	-1	-1	-1	1275000	-1	377000	25000	-1	-1	-1	-1	-1	-1	-1	-1	-1	-1	25000	25000	-1	-1	-1	85	-1	85	-1	-1	-1	-1	-1	-1	-1	-1	-1	Fan3_2
10204008	1	2	4	8	0	281	1	-1	-1	雪仙扇	80	80级标准，扇类	1344	90	9	3	377000	-1	-1	377000	-1	-1	377000	-1	-1	377000	-1	-1	377000	-1	-1	377000	-1	-1	-1	1275000	630000	-1	-1	-1	-1	-1	1275000	630000	-1	-1	-1	-1	-1	-1	-1	1275000	-1	377000	25000	-1	-1	-1	-1	-1	-1	-1	-1	-1	-1	25000	25000	-1	-1	-1	100	-1	100	-1	-1	-1	-1	-1	-1	-1	-1	-1	Fan3_10
10204009	1	2	4	9	0	286	1	-1	-1	魔翼	90	90级标准，扇类	1776	100	10	3	377000	-1	-1	377000	-1	-1	377000	-1	-1	377000	-1	-1	377000	-1	-1	377000	-1	-1	-1	1275000	630000	-1	-1	-1	-1	-1	1275000	630000	-1	-1	-1	-1	-1	-1	-1	1275000	-1	377000	25000	-1	-1	-1	-1	-1	-1	-1	-1	-1	-1	25000	25000	-1	-1	-1	117	-1	117	-1	-1	-1	-1	-1	-1	-1	-1	-1	Fan4_5
10204010	1	2	4	10	0	291	1	-1	-1	仙羽寒月	100	100级标准，扇类	2304	100	10	3	377000	-1	-1	377000	-1	-1	377000	-1	-1	377000	-1	-1	377000	-1	-1	377000	-1	-1	-1	1275000	630000	-1	-1	-1	-1	-1	1275000	630000	-1	-1	-1	-1	-1	-1	-1	1275000	-1	377000	25000	-1	-1	-1	-1	-1	-1	-1	-1	-1	-1	25000	25000	-1	-1	-1	138	-1	138	-1	-1	-1	-1	-1	-1	-1	-1	-1	Fan4_12
10205001	1	2	5	1	0	186	1	-1	-1	青铜环	10	10级标准，环类	192	60	6	0	377000	-1	-1	377000	-1	-1	377000	-1	-1	377000	-1	-1	377000	-1	-1	377000	-1	-1	-1	1275000	630000	-1	-1	-1	-1	-1	1275000	630000	-1	-1	-1	-1	-1	-1	-1	1275000	-1	377000	25000	-1	-1	-1	-1	-1	-1	-1	-1	-1	-1	25000	25000	-1	-1	-1	10	-1	10	-1	-1	-1	-1	-1	-1	-1	-1	-1	Annulus1_2
10205002	1	2	5	2	0	191	1	-1	-1	白虹环	20	20级标准，环类	240	60	6	0	377000	-1	-1	377000	-1	-1	377000	-1	-1	377000	-1	-1	377000	-1	-1	377000	-1	-1	-1	1275000	630000	-1	-1	-1	-1	-1	1275000	630000	-1	-1	-1	-1	-1	-1	-1	1275000	-1	377000	25000	-1	-1	-1	-1	-1	-1	-1	-1	-1	-1	25000	25000	-1	-1	-1	20	-1	20	-1	-1	-1	-1	-1	-1	-1	-1	-1	Annulus1_10
10205003	1	2	5	3	0	196	1	-1	-1	符文竹环	30	30级标准，环类	336	70	7	0	377000	-1	-1	377000	-1	-1	377000	-1	-1	377000	-1	-1	377000	-1	-1	377000	-1	-1	-1	1275000	630000	-1	-1	-1	-1	-1	1275000	630000	-1	-1	-1	-1	-1	-1	-1	1275000	-1	377000	25000	-1	-1	-1	-1	-1	-1	-1	-1	-1	-1	25000	25000	-1	-1	-1	31	-1	31	-1	-1	-1	-1	-1	-1	-1	-1	-1	Annulus1_4
10205004	1	2	5	4	0	201	1	-1	-1	映霞环	40	40级标准，环类	432	70	7	1	377000	-1	-1	377000	-1	-1	377000	-1	-1	377000	-1	-1	377000	-1	-1	377000	-1	-1	-1	1275000	630000	-1	-1	-1	-1	-1	1275000	630000	-1	-1	-1	-1	-1	-1	-1	1275000	-1	377000	25000	-1	-1	-1	-1	-1	-1	-1	-1	-1	-1	25000	25000	-1	-1	-1	42	-1	42	-1	-1	-1	-1	-1	-1	-1	-1	-1	Annulus2_12
10205005	1	2	5	5	0	206	1	-1	-1	五行环	50	50级标准，环类	624	80	8	1	377000	-1	-1	377000	-1	-1	377000	-1	-1	377000	-1	-1	377000	-1	-1	377000	-1	-1	-1	1275000	630000	-1	-1	-1	-1	-1	1275000	630000	-1	-1	-1	-1	-1	-1	-1	1275000	-1	377000	25000	-1	-1	-1	-1	-1	-1	-1	-1	-1	-1	25000	25000	-1	-1	-1	55	-1	55	-1	-1	-1	-1	-1	-1	-1	-1	-1	Annulus2_5
10205006	1	2	5	6	0	211	1	-1	-1	琼环	60	60级标准，环类	816	80	8	2	377000	-1	-1	377000	-1	-1	377000	-1	-1	377000	-1	-1	377000	-1	-1	377000	-1	-1	-1	1275000	630000	-1	-1	-1	-1	-1	1275000	630000	-1	-1	-1	-1	-1	-1	-1	1275000	-1	377000	25000	-1	-1	-1	-1	-1	-1	-1	-1	-1	-1	25000	25000	-1	-1	-1	68	-1	68	-1	-1	-1	-1	-1	-1	-1	-1	-1	Annulus3_7
10205007	1	2	5	7	0	216	1	-1	-1	九金乌圈	70	70级标准，环类	1056	90	9	2	377000	-1	-1	377000	-1	-1	377000	-1	-1	377000	-1	-1	377000	-1	-1	377000	-1	-1	-1	1275000	630000	-1	-1	-1	-1	-1	1275000	630000	-1	-1	-1	-1	-1	-1	-1	1275000	-1	377000	25000	-1	-1	-1	-1	-1	-1	-1	-1	-1	-1	25000	25000	-1	-1	-1	85	-1	85	-1	-1	-1	-1	-1	-1	-1	-1	-1	Annulus3_16
10205008	1	2	5	8	0	221	1	-1	-1	锁妖圈	80	80级标准，环类	1344	90	9	3	377000	-1	-1	377000	-1	-1	377000	-1	-1	377000	-1	-1	377000	-1	-1	377000	-1	-1	-1	1275000	630000	-1	-1	-1	-1	-1	1275000	630000	-1	-1	-1	-1	-1	-1	-1	1275000	-1	377000	25000	-1	-1	-1	-1	-1	-1	-1	-1	-1	-1	25000	25000	-1	-1	-1	100	-1	100	-1	-1	-1	-1	-1	-1	-1	-1	-1	Annulus3_13
10205009	1	2	5	9	0	226	1	-1	-1	岚凰轮	90	90级标准，环类	1776	100	10	3	377000	-1	-1	377000	-1	-1	377000	-1	-1	377000	-1	-1	377000	-1	-1	377000	-1	-1	-1	1275000	630000	-1	-1	-1	-1	-1	1275000	630000	-1	-1	-1	-1	-1	-1	-1	1275000	-1	377000	25000	-1	-1	-1	-1	-1	-1	-1	-1	-1	-1	25000	25000	-1	-1	-1	117	-1	117	-1	-1	-1	-1	-1	-1	-1	-1	-1	Annulus4_5
10205010	1	2	5	10	0	231	1	-1	-1	百眼魔环	100	100级标准，环类	2304	100	10	3	377000	-1	-1	377000	-1	-1	377000	-1	-1	377000	-1	-1	377000	-1	-1	377000	-1	-1	-1	1275000	630000	-1	-1	-1	-1	-1	1275000	630000	-1	-1	-1	-1	-1	-1	-1	1275000	-1	377000	25000	-1	-1	-1	-1	-1	-1	-1	-1	-1	-1	25000	25000	-1	-1	-1	138	-1	138	-1	-1	-1	-1	-1	-1	-1	-1	-1	Annulus4_11
10210001	1	2	10	1	1	91	1	1	4	粗布帽	2	10级标准，帽	128	60	6	0	887000	504000	-1	887000	504000	-1	-1	251000	-1	-1	251000	-1	-1	251000	-1	-1	251000	-1	25000	-1	-1	-1	1275000	504000	-1	25000	-1	-1	-1	1275000	504000	-1	25000	-1	-1	-1	504000	-1	-1	-1	-1	-1	-1	-1	-1	-1	-1	-1	-1	-1	-1	-1	-1	-1	-1	-1	-1	-1	-1	-1	10	-1	10	-1	-1	-1	Food_1
10210002	1	2	10	2	1	92	1	2	4	麻布帽	2	10级标准，帽	128	60	6	0	887000	504000	-1	887000	504000	-1	-1	251000	-1	-1	251000	-1	-1	251000	-1	-1	251000	-1	25000	-1	-1	-1	1275000	504000	-1	25000	-1	-1	-1	1275000	504000	-1	25000	-1	-1	-1	504000	-1	-1	-1	-1	-1	-1	-1	-1	-1	-1	-1	-1	-1	-1	-1	-1	-1	-1	-1	-1	-1	-1	-1	10	-1	10	-1	-1	-1	Food_1
10210003	1	2	10	3	1	93	1	3	4	毛布帽	2	10级标准，帽	128	60	6	0	887000	504000	-1	887000	504000	-1	-1	251000	-1	-1	251000	-1	-1	251000	-1	-1	251000	-1	25000	-1	-1	-1	1275000	504000	-1	25000	-1	-1	-1	1275000	504000	-1	25000	-1	-1	-1	504000	-1	-1	-1	-1	-1	-1	-1	-1	-1	-1	-1	-1	-1	-1	-1	-1	-1	-1	-1	-1	-1	-1	-1	10	-1	10	-1	-1	-1	Food_1
10210004	1	2	10	4	1	94	1	4	4	源泉帽	12	20级标准，帽	160	60	6	0	887000	504000	-1	887000	504000	-1	-1	251000	-1	-1	251000	-1	-1	251000	-1	-1	251000	-1	25000	-1	-1	-1	1275000	504000	-1	25000	-1	-1	-1	1275000	504000	-1	25000	-1	-1	-1	504000	-1	-1	-1	-1	-1	-1	-1	-1	-1	-1	-1	-1	-1	-1	-1	-1	-1	-1	-1	-1	-1	-1	-1	16	-1	16	-1	-1	-1	Food_1
10210005	1	2	10	5	1	95	1	5	4	重生帽	12	20级标准，帽	160	60	6	0	887000	504000	-1	887000	504000	-1	-1	251000	-1	-1	251000	-1	-1	251000	-1	-1	251000	-1	25000	-1	-1	-1	1275000	504000	-1	25000	-1	-1	-1	1275000	504000	-1	25000	-1	-1	-1	504000	-1	-1	-1	-1	-1	-1	-1	-1	-1	-1	-1	-1	-1	-1	-1	-1	-1	-1	-1	-1	-1	-1	-1	16	-1	16	-1	-1	-1	Food_1
10210006	1	2	10	6	1	96	1	6	4	虎牙帽	22	30级标准，帽	224	70	7	1	887000	504000	-1	887000	504000	-1	-1	251000	-1	-1	251000	-1	-1	251000	-1	-1	251000	-1	25000	-1	-1	-1	1275000	504000	-1	25000	-1	-1	-1	1275000	504000	-1	25000	-1	-1	-1	504000	-1	-1	-1	-1	-1	-1	-1	-1	-1	-1	-1	-1	-1	-1	-1	-1	-1	-1	-1	-1	-1	-1	-1	22	-1	22	-1	-1	-1	Food_1
10210007	1	2	10	7	1	97	1	7	4	虎爪帽	22	30级标准，帽	224	70	7	1	887000	504000	-1	887000	504000	-1	-1	251000	-1	-1	251000	-1	-1	251000	-1	-1	251000	-1	25000	-1	-1	-1	1275000	504000	-1	25000	-1	-1	-1	1275000	504000	-1	25000	-1	-1	-1	504000	-1	-1	-1	-1	-1	-1	-1	-1	-1	-1	-1	-1	-1	-1	-1	-1	-1	-1	-1	-1	-1	-1	-1	22	-1	22	-1	-1	-1	Food_1
10210008	1	2	10	8	1	98	1	8	4	虎头帽	22	30级标准，帽	224	70	7	1	887000	504000	-1	887000	504000	-1	-1	251000	-1	-1	251000	-1	-1	251000	-1	-1	251000	-1	25000	-1	-1	-1	1275000	504000	-1	25000	-1	-1	-1	1275000	504000	-1	25000	-1	-1	-1	504000	-1	-1	-1	-1	-1	-1	-1	-1	-1	-1	-1	-1	-1	-1	-1	-1	-1	-1	-1	-1	-1	-1	-1	22	-1	22	-1	-1	-1	Food_1
10210009	1	2	10	9	1	99	1	9	4	丝绸帽	32	40级标准，帽	288	70	7	1	887000	504000	-1	887000	504000	-1	-1	251000	-1	-1	251000	-1	-1	251000	-1	-1	251000	-1	25000	-1	-1	-1	1275000	504000	-1	25000	-1	-1	-1	1275000	504000	-1	25000	-1	-1	-1	504000	-1	-1	-1	-1	-1	-1	-1	-1	-1	-1	-1	-1	-1	-1	-1	-1	-1	-1	-1	-1	-1	-1	-1	29	-1	29	-1	-1	-1	Food_1
10210010	1	2	10	10	1	100	1	10	4	乌丝帽	32	40级标准，帽	288	70	7	1	887000	504000	-1	887000	504000	-1	-1	251000	-1	-1	251000	-1	-1	251000	-1	-1	251000	-1	25000	-1	-1	-1	1275000	504000	-1	25000	-1	-1	-1	1275000	504000	-1	25000	-1	-1	-1	504000	-1	-1	-1	-1	-1	-1	-1	-1	-1	-1	-1	-1	-1	-1	-1	-1	-1	-1	-1	-1	-1	-1	-1	29	-1	29	-1	-1	-1	Food_1
10210011	1	2	10	11	1	101	1	11	4	丝羽帽	32	40级标准，帽	288	70	7	1	887000	504000	-1	887000	504000	-1	-1	251000	-1	-1	251000	-1	-1	251000	-1	-1	251000	-1	25000	-1	-1	-1	1275000	504000	-1	25000	-1	-1	-1	1275000	504000	-1	25000	-1	-1	-1	504000	-1	-1	-1	-1	-1	-1	-1	-1	-1	-1	-1	-1	-1	-1	-1	-1	-1	-1	-1	-1	-1	-1	-1	29	-1	29	-1	-1	-1	Food_1
10210012	1	2	10	12	1	102	1	12	4	勇士帽	42	50级标准，帽	416	80	8	2	887000	504000	-1	887000	504000	-1	-1	251000	-1	-1	251000	-1	-1	251000	-1	-1	251000	-1	25000	-1	-1	-1	1275000	504000	-1	25000	-1	-1	-1	1275000	504000	-1	25000	-1	-1	-1	504000	-1	-1	-1	-1	-1	-1	-1	-1	-1	-1	-1	-1	-1	-1	-1	-1	-1	-1	-1	-1	-1	-1	-1	35	-1	35	-1	-1	-1	Food_1
10210013	1	2	10	13	1	103	1	13	4	修真帽	42	50级标准，帽	416	80	8	2	887000	504000	-1	887000	504000	-1	-1	251000	-1	-1	251000	-1	-1	251000	-1	-1	251000	-1	25000	-1	-1	-1	1275000	504000	-1	25000	-1	-1	-1	1275000	504000	-1	25000	-1	-1	-1	504000	-1	-1	-1	-1	-1	-1	-1	-1	-1	-1	-1	-1	-1	-1	-1	-1	-1	-1	-1	-1	-1	-1	-1	35	-1	35	-1	-1	-1	Food_1
10210014	1	2	10	14	1	104	1	14	4	哲别帽	42	50级标准，帽	416	80	8	2	887000	504000	-1	887000	504000	-1	-1	251000	-1	-1	251000	-1	-1	251000	-1	-1	251000	-1	25000	-1	-1	-1	1275000	504000	-1	25000	-1	-1	-1	1275000	504000	-1	25000	-1	-1	-1	504000	-1	-1	-1	-1	-1	-1	-1	-1	-1	-1	-1	-1	-1	-1	-1	-1	-1	-1	-1	-1	-1	-1	-1	35	-1	35	-1	-1	-1	Food_1
10210015	1	2	10	15	1	105	1	15	4	乌蛮帽	52	60级标准，帽	544	80	8	2	887000	504000	-1	887000	504000	-1	-1	251000	-1	-1	251000	-1	-1	251000	-1	-1	251000	-1	25000	-1	-1	-1	1275000	504000	-1	25000	-1	-1	-1	1275000	504000	-1	25000	-1	-1	-1	504000	-1	-1	-1	-1	-1	-1	-1	-1	-1	-1	-1	-1	-1	-1	-1	-1	-1	-1	-1	-1	-1	-1	-1	41	-1	41	-1	-1	-1	Food_1
10210016	1	2	10	16	1	106	1	16	4	乌蚕帽	52	60级标准，帽	544	80	8	2	887000	504000	-1	887000	504000	-1	-1	251000	-1	-1	251000	-1	-1	251000	-1	-1	251000	-1	25000	-1	-1	-1	1275000	504000	-1	25000	-1	-1	-1	1275000	504000	-1	25000	-1	-1	-1	504000	-1	-1	-1	-1	-1	-1	-1	-1	-1	-1	-1	-1	-1	-1	-1	-1	-1	-1	-1	-1	-1	-1	-1	41	-1	41	-1	-1	-1	Food_1
10210017	1	2	10	17	1	107	1	17	4	苍蟒帽	52	60级标准，帽	544	80	8	2	887000	504000	-1	887000	504000	-1	-1	251000	-1	-1	251000	-1	-1	251000	-1	-1	251000	-1	25000	-1	-1	-1	1275000	504000	-1	25000	-1	-1	-1	1275000	504000	-1	25000	-1	-1	-1	504000	-1	-1	-1	-1	-1	-1	-1	-1	-1	-1	-1	-1	-1	-1	-1	-1	-1	-1	-1	-1	-1	-1	-1	41	-1	41	-1	-1	-1	Food_1
10210018	1	2	10	18	1	108	1	18	4	真武帽	62	70级标准，帽	704	90	9	3	887000	504000	-1	887000	504000	-1	-1	251000	-1	-1	251000	-1	-1	251000	-1	-1	251000	-1	25000	-1	-1	-1	1275000	504000	-1	25000	-1	-1	-1	1275000	504000	-1	25000	-1	-1	-1	504000	-1	-1	-1	-1	-1	-1	-1	-1	-1	-1	-1	-1	-1	-1	-1	-1	-1	-1	-1	-1	-1	-1	-1	47	-1	47	-1	-1	-1	Food_1
10210019	1	2	10	19	1	109	1	19	4	罗汉帽	62	70级标准，帽	704	90	9	3	887000	504000	-1	887000	504000	-1	-1	251000	-1	-1	251000	-1	-1	251000	-1	-1	251000	-1	25000	-1	-1	-1	1275000	504000	-1	25000	-1	-1	-1	1275000	504000	-1	25000	-1	-1	-1	504000	-1	-1	-1	-1	-1	-1	-1	-1	-1	-1	-1	-1	-1	-1	-1	-1	-1	-1	-1	-1	-1	-1	-1	47	-1	47	-1	-1	-1	Food_1
10210020	1	2	10	20	1	110	1	20	4	拜火帽	62	70级标准，帽	704	90	9	3	887000	504000	-1	887000	504000	-1	-1	251000	-1	-1	251000	-1	-1	251000	-1	-1	251000	-1	25000	-1	-1	-1	1275000	504000	-1	25000	-1	-1	-1	1275000	504000	-1	25000	-1	-1	-1	504000	-1	-1	-1	-1	-1	-1	-1	-1	-1	-1	-1	-1	-1	-1	-1	-1	-1	-1	-1	-1	-1	-1	-1	47	-1	47	-1	-1	-1	Food_1
10210021	1	2	10	21	1	111	1	21	4	怜悯帽	62	70级标准，帽	704	90	9	3	887000	504000	-1	887000	504000	-1	-1	251000	-1	-1	251000	-1	-1	251000	-1	-1	251000	-1	25000	-1	-1	-1	1275000	504000	-1	25000	-1	-1	-1	1275000	504000	-1	25000	-1	-1	-1	504000	-1	-1	-1	-1	-1	-1	-1	-1	-1	-1	-1	-1	-1	-1	-1	-1	-1	-1	-1	-1	-1	-1	-1	47	-1	47	-1	-1	-1	Food_1
10210022	1	2	10	22	1	112	1	22	4	枯荣帽	62	70级标准，帽	704	90	9	3	887000	504000	-1	887000	504000	-1	-1	251000	-1	-1	251000	-1	-1	251000	-1	-1	251000	-1	25000	-1	-1	-1	1275000	504000	-1	25000	-1	-1	-1	1275000	504000	-1	25000	-1	-1	-1	504000	-1	-1	-1	-1	-1	-1	-1	-1	-1	-1	-1	-1	-1	-1	-1	-1	-1	-1	-1	-1	-1	-1	-1	47	-1	47	-1	-1	-1	Food_1
10210023	1	2	10	23	1	113	1	23	4	百虫帽	62	70级标准，帽	704	90	9	3	887000	504000	-1	887000	504000	-1	-1	251000	-1	-1	251000	-1	-1	251000	-1	-1	251000	-1	25000	-1	-1	-1	1275000	504000	-1	25000	-1	-1	-1	1275000	504000	-1	25000	-1	-1	-1	504000	-1	-1	-1	-1	-1	-1	-1	-1	-1	-1	-1	-1	-1	-1	-1	-1	-1	-1	-1	-1	-1	-1	-1	47	-1	47	-1	-1	-1	Food_1
10210024	1	2	10	24	1	114	1	24	4	达摩帽	71	75级标准，帽	896	90	9	3	887000	504000	-1	887000	504000	-1	-1	251000	-1	-1	251000	-1	-1	251000	-1	-1	251000	-1	25000	-1	-1	-1	1275000	504000	-1	25000	-1	-1	-1	1275000	504000	-1	25000	-1	-1	-1	504000	-1	-1	-1	-1	-1	-1	-1	-1	-1	-1	-1	-1	-1	-1	-1	-1	-1	-1	-1	-1	-1	-1	-1	54	-1	54	-1	-1	-1	Food_1
10210025	1	2	10	25	1	115	1	25	4	神龙帽	71	75级标准，帽	896	90	9	3	887000	504000	-1	887000	504000	-1	-1	251000	-1	-1	251000	-1	-1	251000	-1	-1	251000	-1	25000	-1	-1	-1	1275000	504000	-1	25000	-1	-1	-1	1275000	504000	-1	25000	-1	-1	-1	504000	-1	-1	-1	-1	-1	-1	-1	-1	-1	-1	-1	-1	-1	-1	-1	-1	-1	-1	-1	-1	-1	-1	-1	54	-1	54	-1	-1	-1	Food_1
10210026	1	2	10	26	1	116	1	26	4	问情帽	71	75级标准，帽	896	90	9	3	887000	504000	-1	887000	504000	-1	-1	251000	-1	-1	251000	-1	-1	251000	-1	-1	251000	-1	25000	-1	-1	-1	1275000	504000	-1	25000	-1	-1	-1	1275000	504000	-1	25000	-1	-1	-1	504000	-1	-1	-1	-1	-1	-1	-1	-1	-1	-1	-1	-1	-1	-1	-1	-1	-1	-1	-1	-1	-1	-1	-1	54	-1	54	-1	-1	-1	Food_1
10210027	1	2	10	27	1	117	1	27	4	玄武帽	71	75级标准，帽	896	90	9	3	887000	504000	-1	887000	504000	-1	-1	251000	-1	-1	251000	-1	-1	251000	-1	-1	251000	-1	25000	-1	-1	-1	1275000	504000	-1	25000	-1	-1	-1	1275000	504000	-1	25000	-1	-1	-1	504000	-1	-1	-1	-1	-1	-1	-1	-1	-1	-1	-1	-1	-1	-1	-1	-1	-1	-1	-1	-1	-1	-1	-1	54	-1	54	-1	-1	-1	Food_1
10210028	1	2	10	28	1	118	1	28	4	独尊帽	71	75级标准，帽	896	90	9	3	887000	504000	-1	887000	504000	-1	-1	251000	-1	-1	251000	-1	-1	251000	-1	-1	251000	-1	25000	-1	-1	-1	1275000	504000	-1	25000	-1	-1	-1	1275000	504000	-1	25000	-1	-1	-1	504000	-1	-1	-1	-1	-1	-1	-1	-1	-1	-1	-1	-1	-1	-1	-1	-1	-1	-1	-1	-1	-1	-1	-1	54	-1	54	-1	-1	-1	Food_1
10210029	1	2	10	29	1	119	1	29	4	遨游帽	71	75级标准，帽	896	90	9	3	887000	504000	-1	887000	504000	-1	-1	251000	-1	-1	251000	-1	-1	251000	-1	-1	251000	-1	25000	-1	-1	-1	1275000	504000	-1	25000	-1	-1	-1	1275000	504000	-1	25000	-1	-1	-1	504000	-1	-1	-1	-1	-1	-1	-1	-1	-1	-1	-1	-1	-1	-1	-1	-1	-1	-1	-1	-1	-1	-1	-1	54	-1	54	-1	-1	-1	Food_1
10210030	1	2	10	30	1	120	1	30	4	如来帽	76	80级标准，帽	896	90	9	3	887000	504000	-1	887000	504000	-1	-1	251000	-1	-1	251000	-1	-1	251000	-1	-1	251000	-1	25000	-1	-1	-1	1275000	504000	-1	25000	-1	-1	-1	1275000	504000	-1	25000	-1	-1	-1	504000	-1	-1	-1	-1	-1	-1	-1	-1	-1	-1	-1	-1	-1	-1	-1	-1	-1	-1	-1	-1	-1	-1	-1	54	-1	54	-1	-1	-1	Food_1
10210031	1	2	10	31	1	91	1	31	4	龙女帽	76	80级标准，帽	896	90	9	3	887000	504000	-1	887000	504000	-1	-1	251000	-1	-1	251000	-1	-1	251000	-1	-1	251000	-1	25000	-1	-1	-1	1275000	504000	-1	25000	-1	-1	-1	1275000	504000	-1	25000	-1	-1	-1	504000	-1	-1	-1	-1	-1	-1	-1	-1	-1	-1	-1	-1	-1	-1	-1	-1	-1	-1	-1	-1	-1	-1	-1	54	-1	54	-1	-1	-1	Food_1
10210032	1	2	10	32	1	92	1	32	4	圣武帽	76	80级标准，帽	896	90	9	3	887000	504000	-1	887000	504000	-1	-1	251000	-1	-1	251000	-1	-1	251000	-1	-1	251000	-1	25000	-1	-1	-1	1275000	504000	-1	25000	-1	-1	-1	1275000	504000	-1	25000	-1	-1	-1	504000	-1	-1	-1	-1	-1	-1	-1	-1	-1	-1	-1	-1	-1	-1	-1	-1	-1	-1	-1	-1	-1	-1	-1	54	-1	54	-1	-1	-1	Food_1
10210033	1	2	10	33	1	93	1	33	4	北溟帽	76	80级标准，帽	896	90	9	3	887000	504000	-1	887000	504000	-1	-1	251000	-1	-1	251000	-1	-1	251000	-1	-1	251000	-1	25000	-1	-1	-1	1275000	504000	-1	25000	-1	-1	-1	1275000	504000	-1	25000	-1	-1	-1	504000	-1	-1	-1	-1	-1	-1	-1	-1	-1	-1	-1	-1	-1	-1	-1	-1	-1	-1	-1	-1	-1	-1	-1	54	-1	54	-1	-1	-1	Food_1
10210034	1	2	10	34	1	94	1	34	4	八荒帽	76	80级标准，帽	896	90	9	3	887000	504000	-1	887000	504000	-1	-1	251000	-1	-1	251000	-1	-1	251000	-1	-1	251000	-1	25000	-1	-1	-1	1275000	504000	-1	25000	-1	-1	-1	1275000	504000	-1	25000	-1	-1	-1	504000	-1	-1	-1	-1	-1	-1	-1	-1	-1	-1	-1	-1	-1	-1	-1	-1	-1	-1	-1	-1	-1	-1	-1	54	-1	54	-1	-1	-1	Food_1
10210035	1	2	10	35	1	95	1	35	4	天行帽	76	80级标准，帽	896	90	9	3	887000	504000	-1	887000	504000	-1	-1	251000	-1	-1	251000	-1	-1	251000	-1	-1	251000	-1	25000	-1	-1	-1	1275000	504000	-1	25000	-1	-1	-1	1275000	504000	-1	25000	-1	-1	-1	504000	-1	-1	-1	-1	-1	-1	-1	-1	-1	-1	-1	-1	-1	-1	-1	-1	-1	-1	-1	-1	-1	-1	-1	54	-1	54	-1	-1	-1	Food_1
10210036	1	2	10	36	1	96	1	36	4	鬼眼帽	81	85级标准，帽	1184	100	10	3	887000	504000	-1	887000	504000	-1	-1	251000	-1	-1	251000	-1	-1	251000	-1	-1	251000	-1	25000	-1	-1	-1	1275000	504000	-1	25000	-1	-1	-1	1275000	504000	-1	25000	-1	-1	-1	504000	-1	-1	-1	-1	-1	-1	-1	-1	-1	-1	-1	-1	-1	-1	-1	-1	-1	-1	-1	-1	-1	-1	-1	60	-1	60	-1	-1	-1	Food_1
10210037	1	2	10	37	1	97	1	37	4	神形帽	81	85级标准，帽	1184	100	10	3	887000	504000	-1	887000	504000	-1	-1	251000	-1	-1	251000	-1	-1	251000	-1	-1	251000	-1	25000	-1	-1	-1	1275000	504000	-1	25000	-1	-1	-1	1275000	504000	-1	25000	-1	-1	-1	504000	-1	-1	-1	-1	-1	-1	-1	-1	-1	-1	-1	-1	-1	-1	-1	-1	-1	-1	-1	-1	-1	-1	-1	60	-1	60	-1	-1	-1	Food_1
10210038	1	2	10	38		98	1	38	4	旋玑帽	81	85级标准，帽	1184	100	10	3	887000	504000	-1	887000	504000	-1	-1	251000	-1	-1	251000	-1	-1	251000	-1	-1	251000	-1	25000	-1	-1	-1	1275000	504000	-1	25000	-1	-1	-1	1275000	504000	-1	25000	-1	-1	-1	504000	-1	-1	-1	-1	-1	-1	-1	-1	-1	-1	-1	-1	-1	-1	-1	-1	-1	-1	-1	-1	-1	-1	-1	60	-1	60	-1	-1	-1	Food_1
10210039	1	2	10	39	1	99	1	39	4	圣灵帽	81	85级标准，帽	1184	100	10	3	887000	504000	-1	887000	504000	-1	-1	251000	-1	-1	251000	-1	-1	251000	-1	-1	251000	-1	25000	-1	-1	-1	1275000	504000	-1	25000	-1	-1	-1	1275000	504000	-1	25000	-1	-1	-1	504000	-1	-1	-1	-1	-1	-1	-1	-1	-1	-1	-1	-1	-1	-1	-1	-1	-1	-1	-1	-1	-1	-1	-1	60	-1	60	-1	-1	-1	Food_1
10210040	1	2	10	40	1	100	1	40	4	金罡帽	81	85级标准，帽	1184	100	10	3	887000	504000	-1	887000	504000	-1	-1	251000	-1	-1	251000	-1	-1	251000	-1	-1	251000	-1	25000	-1	-1	-1	1275000	504000	-1	25000	-1	-1	-1	1275000	504000	-1	25000	-1	-1	-1	504000	-1	-1	-1	-1	-1	-1	-1	-1	-1	-1	-1	-1	-1	-1	-1	-1	-1	-1	-1	-1	-1	-1	-1	60	-1	60	-1	-1	-1	Food_1
10210041	1	2	10	41	1	101	1	41	4	九狐帽	86	90级标准，帽	1184	100	10	3	887000	504000	-1	887000	504000	-1	-1	251000	-1	-1	251000	-1	-1	251000	-1	-1	251000	-1	25000	-1	-1	-1	1275000	504000	-1	25000	-1	-1	-1	1275000	504000	-1	25000	-1	-1	-1	504000	-1	-1	-1	-1	-1	-1	-1	-1	-1	-1	-1	-1	-1	-1	-1	-1	-1	-1	-1	-1	-1	-1	-1	60	-1	60	-1	-1	-1	Food_1
10210042	1	2	10	42	1	102	1	42	4	纯阳帽	86	90级标准，帽	1184	100	10	3	887000	504000	-1	887000	504000	-1	-1	251000	-1	-1	251000	-1	-1	251000	-1	-1	251000	-1	25000	-1	-1	-1	1275000	504000	-1	25000	-1	-1	-1	1275000	504000	-1	25000	-1	-1	-1	504000	-1	-1	-1	-1	-1	-1	-1	-1	-1	-1	-1	-1	-1	-1	-1	-1	-1	-1	-1	-1	-1	-1	-1	60	-1	60	-1	-1	-1	Food_1
10210043	1	2	10	43	1	103	1	43	4	踏风帽	86	90级标准，帽	1184	100	10	3	887000	504000	-1	887000	504000	-1	-1	251000	-1	-1	251000	-1	-1	251000	-1	-1	251000	-1	25000	-1	-1	-1	1275000	504000	-1	25000	-1	-1	-1	1275000	504000	-1	25000	-1	-1	-1	504000	-1	-1	-1	-1	-1	-1	-1	-1	-1	-1	-1	-1	-1	-1	-1	-1	-1	-1	-1	-1	-1	-1	-1	60	-1	60	-1	-1	-1	Food_1
10210044	1	2	10	44	1	104	1	44	4	青溥帽	86	90级标准，帽	1184	100	10	3	887000	504000	-1	887000	504000	-1	-1	251000	-1	-1	251000	-1	-1	251000	-1	-1	251000	-1	25000	-1	-1	-1	1275000	504000	-1	25000	-1	-1	-1	1275000	504000	-1	25000	-1	-1	-1	504000	-1	-1	-1	-1	-1	-1	-1	-1	-1	-1	-1	-1	-1	-1	-1	-1	-1	-1	-1	-1	-1	-1	-1	60	-1	60	-1	-1	-1	Food_1
10210045	1	2	10	45	1	105	1	45	4	归元帽	91	95级标准，帽	1536	100	10	3	887000	504000	-1	887000	504000	-1	-1	251000	-1	-1	251000	-1	-1	251000	-1	-1	251000	-1	25000	-1	-1	-1	1275000	504000	-1	25000	-1	-1	-1	1275000	504000	-1	25000	-1	-1	-1	504000	-1	-1	-1	-1	-1	-1	-1	-1	-1	-1	-1	-1	-1	-1	-1	-1	-1	-1	-1	-1	-1	-1	-1	66	-1	66	-1	-1	-1	Food_1
10210046	1	2	10	46	1	106	1	46	4	天神帽	91	95级标准，帽	1536	100	10	3	887000	504000	-1	887000	504000	-1	-1	251000	-1	-1	251000	-1	-1	251000	-1	-1	251000	-1	25000	-1	-1	-1	1275000	504000	-1	25000	-1	-1	-1	1275000	504000	-1	25000	-1	-1	-1	504000	-1	-1	-1	-1	-1	-1	-1	-1	-1	-1	-1	-1	-1	-1	-1	-1	-1	-1	-1	-1	-1	-1	-1	66	-1	66	-1	-1	-1	Food_1
10210047	1	2	10	47	1	107	1	47	4	龙牙帽	91	95级标准，帽	1536	100	10	3	887000	504000	-1	887000	504000	-1	-1	251000	-1	-1	251000	-1	-1	251000	-1	-1	251000	-1	25000	-1	-1	-1	1275000	504000	-1	25000	-1	-1	-1	1275000	504000	-1	25000	-1	-1	-1	504000	-1	-1	-1	-1	-1	-1	-1	-1	-1	-1	-1	-1	-1	-1	-1	-1	-1	-1	-1	-1	-1	-1	-1	66	-1	66	-1	-1	-1	Food_1
10210048	1	2	10	48	1	108	1	48	4	修罗帽	96	100级标准，帽	1536	100	10	3	887000	504000	-1	887000	504000	-1	-1	251000	-1	-1	251000	-1	-1	251000	-1	-1	251000	-1	25000	-1	-1	-1	1275000	504000	-1	25000	-1	-1	-1	1275000	504000	-1	25000	-1	-1	-1	504000	-1	-1	-1	-1	-1	-1	-1	-1	-1	-1	-1	-1	-1	-1	-1	-1	-1	-1	-1	-1	-1	-1	-1	66	-1	66	-1	-1	-1	Food_1
10210049	1	2	10	49	1	109	1	49	4	命刻帽	96	100级标准，帽	1536	100	10	3	887000	504000	-1	887000	504000	-1	-1	251000	-1	-1	251000	-1	-1	251000	-1	-1	251000	-1	25000	-1	-1	-1	1275000	504000	-1	25000	-1	-1	-1	1275000	504000	-1	25000	-1	-1	-1	504000	-1	-1	-1	-1	-1	-1	-1	-1	-1	-1	-1	-1	-1	-1	-1	-1	-1	-1	-1	-1	-1	-1	-1	66	-1	66	-1	-1	-1	Food_1
10210050	1	2	10	50	1	110	1	50	4	空梦帽	96	100级标准，帽	1536	100	10	3	887000	504000	-1	887000	504000	-1	-1	251000	-1	-1	251000	-1	-1	251000	-1	-1	251000	-1	25000	-1	-1	-1	1275000	504000	-1	25000	-1	-1	-1	1275000	504000	-1	25000	-1	-1	-1	504000	-1	-1	-1	-1	-1	-1	-1	-1	-1	-1	-1	-1	-1	-1	-1	-1	-1	-1	-1	-1	-1	-1	-1	66	-1	66	-1	-1	-1	Food_1
10211001	1	2	11	1	4	31	1	1	4	粗布鞋	4	10级标准，鞋	128	60	6	0	887000	504000	-1	887000	504000	-1	-1	251000	-1	-1	251000	-1	-1	251000	-1	-1	251000	-1	25000	-1	-1	-1	1275000	504000	-1	25000	-1	-1	-1	1275000	504000	-1	25000	-1	-1	-1	504000	-1	-1	-1	-1	-1	-1	-1	-1	-1	-1	-1	-1	-1	-1	-1	-1	-1	-1	-1	-1	-1	-1	-1	10	-1	10	-1	-1	-1	Food_1
10211002	1	2	11	2	4	32	1	2	4	麻布鞋	4	10级标准，鞋	128	60	6	0	887000	504000	-1	887000	504000	-1	-1	251000	-1	-1	251000	-1	-1	251000	-1	-1	251000	-1	25000	-1	-1	-1	1275000	504000	-1	25000	-1	-1	-1	1275000	504000	-1	25000	-1	-1	-1	504000	-1	-1	-1	-1	-1	-1	-1	-1	-1	-1	-1	-1	-1	-1	-1	-1	-1	-1	-1	-1	-1	-1	-1	10	-1	10	-1	-1	-1	Food_1
10211003	1	2	11	3	4	33	1	3	4	毛布鞋	4	10级标准，鞋	128	60	6	0	887000	504000	-1	887000	504000	-1	-1	251000	-1	-1	251000	-1	-1	251000	-1	-1	251000	-1	25000	-1	-1	-1	1275000	504000	-1	25000	-1	-1	-1	1275000	504000	-1	25000	-1	-1	-1	504000	-1	-1	-1	-1	-1	-1	-1	-1	-1	-1	-1	-1	-1	-1	-1	-1	-1	-1	-1	-1	-1	-1	-1	10	-1	10	-1	-1	-1	Food_1
10211004	1	2	11	4	4	34	1	4	4	源泉鞋	14	20级标准，鞋	160	60	6	0	887000	504000	-1	887000	504000	-1	-1	251000	-1	-1	251000	-1	-1	251000	-1	-1	251000	-1	25000	-1	-1	-1	1275000	504000	-1	25000	-1	-1	-1	1275000	504000	-1	25000	-1	-1	-1	504000	-1	-1	-1	-1	-1	-1	-1	-1	-1	-1	-1	-1	-1	-1	-1	-1	-1	-1	-1	-1	-1	-1	-1	16	-1	16	-1	-1	-1	Food_1
10211005	1	2	11	5	4	35	1	5	4	重生鞋	14	20级标准，鞋	160	60	6	0	887000	504000	-1	887000	504000	-1	-1	251000	-1	-1	251000	-1	-1	251000	-1	-1	251000	-1	25000	-1	-1	-1	1275000	504000	-1	25000	-1	-1	-1	1275000	504000	-1	25000	-1	-1	-1	504000	-1	-1	-1	-1	-1	-1	-1	-1	-1	-1	-1	-1	-1	-1	-1	-1	-1	-1	-1	-1	-1	-1	-1	16	-1	16	-1	-1	-1	Food_1
10211006	1	2	11	6	4	36	1	6	4	虎牙鞋	24	30级标准，鞋	224	70	7	1	887000	504000	-1	887000	504000	-1	-1	251000	-1	-1	251000	-1	-1	251000	-1	-1	251000	-1	25000	-1	-1	-1	1275000	504000	-1	25000	-1	-1	-1	1275000	504000	-1	25000	-1	-1	-1	504000	-1	-1	-1	-1	-1	-1	-1	-1	-1	-1	-1	-1	-1	-1	-1	-1	-1	-1	-1	-1	-1	-1	-1	22	-1	22	-1	-1	-1	Food_1
10211007	1	2	11	7	4	37	1	7	4	虎爪鞋	24	30级标准，鞋	224	70	7	1	887000	504000	-1	887000	504000	-1	-1	251000	-1	-1	251000	-1	-1	251000	-1	-1	251000	-1	25000	-1	-1	-1	1275000	504000	-1	25000	-1	-1	-1	1275000	504000	-1	25000	-1	-1	-1	504000	-1	-1	-1	-1	-1	-1	-1	-1	-1	-1	-1	-1	-1	-1	-1	-1	-1	-1	-1	-1	-1	-1	-1	22	-1	22	-1	-1	-1	Food_1
10211008	1	2	11	8	4	38	1	8	4	虎头鞋	24	30级标准，鞋	224	70	7	1	887000	504000	-1	887000	504000	-1	-1	251000	-1	-1	251000	-1	-1	251000	-1	-1	251000	-1	25000	-1	-1	-1	1275000	504000	-1	25000	-1	-1	-1	1275000	504000	-1	25000	-1	-1	-1	504000	-1	-1	-1	-1	-1	-1	-1	-1	-1	-1	-1	-1	-1	-1	-1	-1	-1	-1	-1	-1	-1	-1	-1	22	-1	22	-1	-1	-1	Food_1
10211009	1	2	11	9	4	39	1	9	4	丝绸鞋	34	40级标准，鞋	288	70	7	1	887000	504000	-1	887000	504000	-1	-1	251000	-1	-1	251000	-1	-1	251000	-1	-1	251000	-1	25000	-1	-1	-1	1275000	504000	-1	25000	-1	-1	-1	1275000	504000	-1	25000	-1	-1	-1	504000	-1	-1	-1	-1	-1	-1	-1	-1	-1	-1	-1	-1	-1	-1	-1	-1	-1	-1	-1	-1	-1	-1	-1	29	-1	29	-1	-1	-1	Food_1
10211010	1	2	11	10	4	40	1	10	4	乌丝鞋	34	40级标准，鞋	288	70	7	1	887000	504000	-1	887000	504000	-1	-1	251000	-1	-1	251000	-1	-1	251000	-1	-1	251000	-1	25000	-1	-1	-1	1275000	504000	-1	25000	-1	-1	-1	1275000	504000	-1	25000	-1	-1	-1	504000	-1	-1	-1	-1	-1	-1	-1	-1	-1	-1	-1	-1	-1	-1	-1	-1	-1	-1	-1	-1	-1	-1	-1	29	-1	29	-1	-1	-1	Food_1
10211011	1	2	11	11	4	41	1	11	4	丝羽鞋	34	40级标准，鞋	288	70	7	1	887000	504000	-1	887000	504000	-1	-1	251000	-1	-1	251000	-1	-1	251000	-1	-1	251000	-1	25000	-1	-1	-1	1275000	504000	-1	25000	-1	-1	-1	1275000	504000	-1	25000	-1	-1	-1	504000	-1	-1	-1	-1	-1	-1	-1	-1	-1	-1	-1	-1	-1	-1	-1	-1	-1	-1	-1	-1	-1	-1	-1	29	-1	29	-1	-1	-1	Food_1
10211012	1	2	11	12	4	42	1	12	4	勇士鞋	44	50级标准，鞋	416	80	8	2	887000	504000	-1	887000	504000	-1	-1	251000	-1	-1	251000	-1	-1	251000	-1	-1	251000	-1	25000	-1	-1	-1	1275000	504000	-1	25000	-1	-1	-1	1275000	504000	-1	25000	-1	-1	-1	504000	-1	-1	-1	-1	-1	-1	-1	-1	-1	-1	-1	-1	-1	-1	-1	-1	-1	-1	-1	-1	-1	-1	-1	35	-1	35	-1	-1	-1	Food_1
10211013	1	2	11	13	4	43	1	13	4	修真鞋	44	50级标准，鞋	416	80	8	2	887000	504000	-1	887000	504000	-1	-1	251000	-1	-1	251000	-1	-1	251000	-1	-1	251000	-1	25000	-1	-1	-1	1275000	504000	-1	25000	-1	-1	-1	1275000	504000	-1	25000	-1	-1	-1	504000	-1	-1	-1	-1	-1	-1	-1	-1	-1	-1	-1	-1	-1	-1	-1	-1	-1	-1	-1	-1	-1	-1	-1	35	-1	35	-1	-1	-1	Food_1
10211014	1	2	11	14	4	44	1	14	4	哲别鞋	44	50级标准，鞋	416	80	8	2	887000	504000	-1	887000	504000	-1	-1	251000	-1	-1	251000	-1	-1	251000	-1	-1	251000	-1	25000	-1	-1	-1	1275000	504000	-1	25000	-1	-1	-1	1275000	504000	-1	25000	-1	-1	-1	504000	-1	-1	-1	-1	-1	-1	-1	-1	-1	-1	-1	-1	-1	-1	-1	-1	-1	-1	-1	-1	-1	-1	-1	35	-1	35	-1	-1	-1	Food_1
10211015	1	2	11	15	4	45	1	15	4	乌蛮鞋	54	60级标准，鞋	544	80	8	2	887000	504000	-1	887000	504000	-1	-1	251000	-1	-1	251000	-1	-1	251000	-1	-1	251000	-1	25000	-1	-1	-1	1275000	504000	-1	25000	-1	-1	-1	1275000	504000	-1	25000	-1	-1	-1	504000	-1	-1	-1	-1	-1	-1	-1	-1	-1	-1	-1	-1	-1	-1	-1	-1	-1	-1	-1	-1	-1	-1	-1	41	-1	41	-1	-1	-1	Food_1
10211016	1	2	11	16	4	46	1	16	4	乌蚕鞋	54	60级标准，鞋	544	80	8	2	887000	504000	-1	887000	504000	-1	-1	251000	-1	-1	251000	-1	-1	251000	-1	-1	251000	-1	25000	-1	-1	-1	1275000	504000	-1	25000	-1	-1	-1	1275000	504000	-1	25000	-1	-1	-1	504000	-1	-1	-1	-1	-1	-1	-1	-1	-1	-1	-1	-1	-1	-1	-1	-1	-1	-1	-1	-1	-1	-1	-1	41	-1	41	-1	-1	-1	Food_1
10211017	1	2	11	17	4	47	1	17	4	苍蟒鞋	54	60级标准，鞋	544	80	8	2	887000	504000	-1	887000	504000	-1	-1	251000	-1	-1	251000	-1	-1	251000	-1	-1	251000	-1	25000	-1	-1	-1	1275000	504000	-1	25000	-1	-1	-1	1275000	504000	-1	25000	-1	-1	-1	504000	-1	-1	-1	-1	-1	-1	-1	-1	-1	-1	-1	-1	-1	-1	-1	-1	-1	-1	-1	-1	-1	-1	-1	41	-1	41	-1	-1	-1	Food_1
10211018	1	2	11	18	4	48	1	18	4	真武鞋	64	70级标准，鞋	704	90	9	3	887000	504000	-1	887000	504000	-1	-1	251000	-1	-1	251000	-1	-1	251000	-1	-1	251000	-1	25000	-1	-1	-1	1275000	504000	-1	25000	-1	-1	-1	1275000	504000	-1	25000	-1	-1	-1	504000	-1	-1	-1	-1	-1	-1	-1	-1	-1	-1	-1	-1	-1	-1	-1	-1	-1	-1	-1	-1	-1	-1	-1	47	-1	47	-1	-1	-1	Food_1
10211019	1	2	11	19	4	49	1	19	4	罗汉鞋	64	70级标准，鞋	704	90	9	3	887000	504000	-1	887000	504000	-1	-1	251000	-1	-1	251000	-1	-1	251000	-1	-1	251000	-1	25000	-1	-1	-1	1275000	504000	-1	25000	-1	-1	-1	1275000	504000	-1	25000	-1	-1	-1	504000	-1	-1	-1	-1	-1	-1	-1	-1	-1	-1	-1	-1	-1	-1	-1	-1	-1	-1	-1	-1	-1	-1	-1	47	-1	47	-1	-1	-1	Food_1
10211020	1	2	11	20	4	50	1	20	4	拜火鞋	64	70级标准，鞋	704	90	9	3	887000	504000	-1	887000	504000	-1	-1	251000	-1	-1	251000	-1	-1	251000	-1	-1	251000	-1	25000	-1	-1	-1	1275000	504000	-1	25000	-1	-1	-1	1275000	504000	-1	25000	-1	-1	-1	504000	-1	-1	-1	-1	-1	-1	-1	-1	-1	-1	-1	-1	-1	-1	-1	-1	-1	-1	-1	-1	-1	-1	-1	47	-1	47	-1	-1	-1	Food_1
10211021	1	2	11	21	4	51	1	21	4	怜悯鞋	64	70级标准，鞋	704	90	9	3	887000	504000	-1	887000	504000	-1	-1	251000	-1	-1	251000	-1	-1	251000	-1	-1	251000	-1	25000	-1	-1	-1	1275000	504000	-1	25000	-1	-1	-1	1275000	504000	-1	25000	-1	-1	-1	504000	-1	-1	-1	-1	-1	-1	-1	-1	-1	-1	-1	-1	-1	-1	-1	-1	-1	-1	-1	-1	-1	-1	-1	47	-1	47	-1	-1	-1	Food_1
10211022	1	2	11	22	4	52	1	22	4	枯荣鞋	64	70级标准，鞋	704	90	9	3	887000	504000	-1	887000	504000	-1	-1	251000	-1	-1	251000	-1	-1	251000	-1	-1	251000	-1	25000	-1	-1	-1	1275000	504000	-1	25000	-1	-1	-1	1275000	504000	-1	25000	-1	-1	-1	504000	-1	-1	-1	-1	-1	-1	-1	-1	-1	-1	-1	-1	-1	-1	-1	-1	-1	-1	-1	-1	-1	-1	-1	47	-1	47	-1	-1	-1	Food_1
10211023	1	2	11	23	4	53	1	23	4	百虫鞋	64	70级标准，鞋	704	90	9	3	887000	504000	-1	887000	504000	-1	-1	251000	-1	-1	251000	-1	-1	251000	-1	-1	251000	-1	25000	-1	-1	-1	1275000	504000	-1	25000	-1	-1	-1	1275000	504000	-1	25000	-1	-1	-1	504000	-1	-1	-1	-1	-1	-1	-1	-1	-1	-1	-1	-1	-1	-1	-1	-1	-1	-1	-1	-1	-1	-1	-1	47	-1	47	-1	-1	-1	Food_1
10211024	1	2	11	24	4	54	1	24	4	达摩鞋	72	75级标准，鞋	896	90	9	3	887000	504000	-1	887000	504000	-1	-1	251000	-1	-1	251000	-1	-1	251000	-1	-1	251000	-1	25000	-1	-1	-1	1275000	504000	-1	25000	-1	-1	-1	1275000	504000	-1	25000	-1	-1	-1	504000	-1	-1	-1	-1	-1	-1	-1	-1	-1	-1	-1	-1	-1	-1	-1	-1	-1	-1	-1	-1	-1	-1	-1	54	-1	54	-1	-1	-1	Food_1
10211025	1	2	11	25	4	55	1	25	4	神龙鞋	72	75级标准，鞋	896	90	9	3	887000	504000	-1	887000	504000	-1	-1	251000	-1	-1	251000	-1	-1	251000	-1	-1	251000	-1	25000	-1	-1	-1	1275000	504000	-1	25000	-1	-1	-1	1275000	504000	-1	25000	-1	-1	-1	504000	-1	-1	-1	-1	-1	-1	-1	-1	-1	-1	-1	-1	-1	-1	-1	-1	-1	-1	-1	-1	-1	-1	-1	54	-1	54	-1	-1	-1	Food_1
10211026	1	2	11	26	4	56	1	26	4	问情鞋	72	75级标准，鞋	896	90	9	3	887000	504000	-1	887000	504000	-1	-1	251000	-1	-1	251000	-1	-1	251000	-1	-1	251000	-1	25000	-1	-1	-1	1275000	504000	-1	25000	-1	-1	-1	1275000	504000	-1	25000	-1	-1	-1	504000	-1	-1	-1	-1	-1	-1	-1	-1	-1	-1	-1	-1	-1	-1	-1	-1	-1	-1	-1	-1	-1	-1	-1	54	-1	54	-1	-1	-1	Food_1
10211027	1	2	11	27	4	57	1	27	4	玄武鞋	72	75级标准，鞋	896	90	9	3	887000	504000	-1	887000	504000	-1	-1	251000	-1	-1	251000	-1	-1	251000	-1	-1	251000	-1	25000	-1	-1	-1	1275000	504000	-1	25000	-1	-1	-1	1275000	504000	-1	25000	-1	-1	-1	504000	-1	-1	-1	-1	-1	-1	-1	-1	-1	-1	-1	-1	-1	-1	-1	-1	-1	-1	-1	-1	-1	-1	-1	54	-1	54	-1	-1	-1	Food_1
10211028	1	2	11	28	4	58	1	28	4	独尊鞋	72	75级标准，鞋	896	90	9	3	887000	504000	-1	887000	504000	-1	-1	251000	-1	-1	251000	-1	-1	251000	-1	-1	251000	-1	25000	-1	-1	-1	1275000	504000	-1	25000	-1	-1	-1	1275000	504000	-1	25000	-1	-1	-1	504000	-1	-1	-1	-1	-1	-1	-1	-1	-1	-1	-1	-1	-1	-1	-1	-1	-1	-1	-1	-1	-1	-1	-1	54	-1	54	-1	-1	-1	Food_1
10211029	1	2	11	29	4	59	1	29	4	遨游鞋	72	75级标准，鞋	896	90	9	3	887000	504000	-1	887000	504000	-1	-1	251000	-1	-1	251000	-1	-1	251000	-1	-1	251000	-1	25000	-1	-1	-1	1275000	504000	-1	25000	-1	-1	-1	1275000	504000	-1	25000	-1	-1	-1	504000	-1	-1	-1	-1	-1	-1	-1	-1	-1	-1	-1	-1	-1	-1	-1	-1	-1	-1	-1	-1	-1	-1	-1	54	-1	54	-1	-1	-1	Food_1
10211030	1	2	11	30	4	60	1	30	4	如来鞋	77	80级标准，鞋	896	90	9	3	887000	504000	-1	887000	504000	-1	-1	251000	-1	-1	251000	-1	-1	251000	-1	-1	251000	-1	25000	-1	-1	-1	1275000	504000	-1	25000	-1	-1	-1	1275000	504000	-1	25000	-1	-1	-1	504000	-1	-1	-1	-1	-1	-1	-1	-1	-1	-1	-1	-1	-1	-1	-1	-1	-1	-1	-1	-1	-1	-1	-1	54	-1	54	-1	-1	-1	Food_1
10211031	1	2	11	31	4	31	1	31	4	龙女鞋	77	80级标准，鞋	896	90	9	3	887000	504000	-1	887000	504000	-1	-1	251000	-1	-1	251000	-1	-1	251000	-1	-1	251000	-1	25000	-1	-1	-1	1275000	504000	-1	25000	-1	-1	-1	1275000	504000	-1	25000	-1	-1	-1	504000	-1	-1	-1	-1	-1	-1	-1	-1	-1	-1	-1	-1	-1	-1	-1	-1	-1	-1	-1	-1	-1	-1	-1	54	-1	54	-1	-1	-1	Food_1
10211032	1	2	11	32	4	32	1	32	4	圣武鞋	77	80级标准，鞋	896	90	9	3	887000	504000	-1	887000	504000	-1	-1	251000	-1	-1	251000	-1	-1	251000	-1	-1	251000	-1	25000	-1	-1	-1	1275000	504000	-1	25000	-1	-1	-1	1275000	504000	-1	25000	-1	-1	-1	504000	-1	-1	-1	-1	-1	-1	-1	-1	-1	-1	-1	-1	-1	-1	-1	-1	-1	-1	-1	-1	-1	-1	-1	54	-1	54	-1	-1	-1	Food_1
10211033	1	2	11	33	4	33	1	33	4	北溟鞋	77	80级标准，鞋	896	90	9	3	887000	504000	-1	887000	504000	-1	-1	251000	-1	-1	251000	-1	-1	251000	-1	-1	251000	-1	25000	-1	-1	-1	1275000	504000	-1	25000	-1	-1	-1	1275000	504000	-1	25000	-1	-1	-1	504000	-1	-1	-1	-1	-1	-1	-1	-1	-1	-1	-1	-1	-1	-1	-1	-1	-1	-1	-1	-1	-1	-1	-1	54	-1	54	-1	-1	-1	Food_1
10211034	1	2	11	34	4	34	1	34	4	八荒鞋	77	80级标准，鞋	896	90	9	3	887000	504000	-1	887000	504000	-1	-1	251000	-1	-1	251000	-1	-1	251000	-1	-1	251000	-1	25000	-1	-1	-1	1275000	504000	-1	25000	-1	-1	-1	1275000	504000	-1	25000	-1	-1	-1	504000	-1	-1	-1	-1	-1	-1	-1	-1	-1	-1	-1	-1	-1	-1	-1	-1	-1	-1	-1	-1	-1	-1	-1	54	-1	54	-1	-1	-1	Food_1
10211035	1	2	11	35	4	35	1	35	4	天行鞋	77	80级标准，鞋	896	90	9	3	887000	504000	-1	887000	504000	-1	-1	251000	-1	-1	251000	-1	-1	251000	-1	-1	251000	-1	25000	-1	-1	-1	1275000	504000	-1	25000	-1	-1	-1	1275000	504000	-1	25000	-1	-1	-1	504000	-1	-1	-1	-1	-1	-1	-1	-1	-1	-1	-1	-1	-1	-1	-1	-1	-1	-1	-1	-1	-1	-1	-1	54	-1	54	-1	-1	-1	Food_1
10211036	1	2	11	36	4	36	1	36	4	鬼眼鞋	82	85级标准，鞋	1184	100	10	3	887000	504000	-1	887000	504000	-1	-1	251000	-1	-1	251000	-1	-1	251000	-1	-1	251000	-1	25000	-1	-1	-1	1275000	504000	-1	25000	-1	-1	-1	1275000	504000	-1	25000	-1	-1	-1	504000	-1	-1	-1	-1	-1	-1	-1	-1	-1	-1	-1	-1	-1	-1	-1	-1	-1	-1	-1	-1	-1	-1	-1	60	-1	60	-1	-1	-1	Food_1
10211037	1	2	11	37	4	37	1	37	4	神形鞋	82	85级标准，鞋	1184	100	10	3	887000	504000	-1	887000	504000	-1	-1	251000	-1	-1	251000	-1	-1	251000	-1	-1	251000	-1	25000	-1	-1	-1	1275000	504000	-1	25000	-1	-1	-1	1275000	504000	-1	25000	-1	-1	-1	504000	-1	-1	-1	-1	-1	-1	-1	-1	-1	-1	-1	-1	-1	-1	-1	-1	-1	-1	-1	-1	-1	-1	-1	60	-1	60	-1	-1	-1	Food_1
10211038	1	2	11	38	4	38	1	38	4	旋玑鞋	82	85级标准，鞋	1184	100	10	3	887000	504000	-1	887000	504000	-1	-1	251000	-1	-1	251000	-1	-1	251000	-1	-1	251000	-1	25000	-1	-1	-1	1275000	504000	-1	25000	-1	-1	-1	1275000	504000	-1	25000	-1	-1	-1	504000	-1	-1	-1	-1	-1	-1	-1	-1	-1	-1	-1	-1	-1	-1	-1	-1	-1	-1	-1	-1	-1	-1	-1	60	-1	60	-1	-1	-1	Food_1
10211039	1	2	11	39	4	39	1	39	4	圣灵鞋	82	85级标准，鞋	1184	100	10	3	887000	504000	-1	887000	504000	-1	-1	251000	-1	-1	251000	-1	-1	251000	-1	-1	251000	-1	25000	-1	-1	-1	1275000	504000	-1	25000	-1	-1	-1	1275000	504000	-1	25000	-1	-1	-1	504000	-1	-1	-1	-1	-1	-1	-1	-1	-1	-1	-1	-1	-1	-1	-1	-1	-1	-1	-1	-1	-1	-1	-1	60	-1	60	-1	-1	-1	Food_1
10211040	1	2	11	40	4	40	1	40	4	金罡鞋	82	85级标准，鞋	1184	100	10	3	887000	504000	-1	887000	504000	-1	-1	251000	-1	-1	251000	-1	-1	251000	-1	-1	251000	-1	25000	-1	-1	-1	1275000	504000	-1	25000	-1	-1	-1	1275000	504000	-1	25000	-1	-1	-1	504000	-1	-1	-1	-1	-1	-1	-1	-1	-1	-1	-1	-1	-1	-1	-1	-1	-1	-1	-1	-1	-1	-1	-1	60	-1	60	-1	-1	-1	Food_1
10211041	1	2	11	41	4	41	1	41	4	九狐鞋	87	90级标准，鞋	1184	100	10	3	887000	504000	-1	887000	504000	-1	-1	251000	-1	-1	251000	-1	-1	251000	-1	-1	251000	-1	25000	-1	-1	-1	1275000	504000	-1	25000	-1	-1	-1	1275000	504000	-1	25000	-1	-1	-1	504000	-1	-1	-1	-1	-1	-1	-1	-1	-1	-1	-1	-1	-1	-1	-1	-1	-1	-1	-1	-1	-1	-1	-1	60	-1	60	-1	-1	-1	Food_1
10211042	1	2	11	42	4	42	1	42	4	纯阳鞋	87	90级标准，鞋	1184	100	10	3	887000	504000	-1	887000	504000	-1	-1	251000	-1	-1	251000	-1	-1	251000	-1	-1	251000	-1	25000	-1	-1	-1	1275000	504000	-1	25000	-1	-1	-1	1275000	504000	-1	25000	-1	-1	-1	504000	-1	-1	-1	-1	-1	-1	-1	-1	-1	-1	-1	-1	-1	-1	-1	-1	-1	-1	-1	-1	-1	-1	-1	60	-1	60	-1	-1	-1	Food_1
10211043	1	2	11	43	4	43	1	43	4	踏风鞋	87	90级标准，鞋	1184	100	10	3	887000	504000	-1	887000	504000	-1	-1	251000	-1	-1	251000	-1	-1	251000	-1	-1	251000	-1	25000	-1	-1	-1	1275000	504000	-1	25000	-1	-1	-1	1275000	504000	-1	25000	-1	-1	-1	504000	-1	-1	-1	-1	-1	-1	-1	-1	-1	-1	-1	-1	-1	-1	-1	-1	-1	-1	-1	-1	-1	-1	-1	60	-1	60	-1	-1	-1	Food_1
10211044	1	2	11	44	4	44	1	44	4	青溥鞋	87	90级标准，鞋	1184	100	10	3	887000	504000	-1	887000	504000	-1	-1	251000	-1	-1	251000	-1	-1	251000	-1	-1	251000	-1	25000	-1	-1	-1	1275000	504000	-1	25000	-1	-1	-1	1275000	504000	-1	25000	-1	-1	-1	504000	-1	-1	-1	-1	-1	-1	-1	-1	-1	-1	-1	-1	-1	-1	-1	-1	-1	-1	-1	-1	-1	-1	-1	60	-1	60	-1	-1	-1	Food_1
10211045	1	2	11	45	4	45	1	45	4	归元鞋	92	95级标准，鞋	1536	100	10	3	887000	504000	-1	887000	504000	-1	-1	251000	-1	-1	251000	-1	-1	251000	-1	-1	251000	-1	25000	-1	-1	-1	1275000	504000	-1	25000	-1	-1	-1	1275000	504000	-1	25000	-1	-1	-1	504000	-1	-1	-1	-1	-1	-1	-1	-1	-1	-1	-1	-1	-1	-1	-1	-1	-1	-1	-1	-1	-1	-1	-1	66	-1	66	-1	-1	-1	Food_1
10211046	1	2	11	46	4	46	1	46	4	天神鞋	92	95级标准，鞋	1536	100	10	3	887000	504000	-1	887000	504000	-1	-1	251000	-1	-1	251000	-1	-1	251000	-1	-1	251000	-1	25000	-1	-1	-1	1275000	504000	-1	25000	-1	-1	-1	1275000	504000	-1	25000	-1	-1	-1	504000	-1	-1	-1	-1	-1	-1	-1	-1	-1	-1	-1	-1	-1	-1	-1	-1	-1	-1	-1	-1	-1	-1	-1	66	-1	66	-1	-1	-1	Food_1
10211047	1	2	11	47	4	47	1	47	4	龙牙鞋	92	95级标准，鞋	1536	100	10	3	887000	504000	-1	887000	504000	-1	-1	251000	-1	-1	251000	-1	-1	251000	-1	-1	251000	-1	25000	-1	-1	-1	1275000	504000	-1	25000	-1	-1	-1	1275000	504000	-1	25000	-1	-1	-1	504000	-1	-1	-1	-1	-1	-1	-1	-1	-1	-1	-1	-1	-1	-1	-1	-1	-1	-1	-1	-1	-1	-1	-1	66	-1	66	-1	-1	-1	Food_1
10211048	1	2	11	48	4	48	1	48	4	修罗鞋	97	100级标准，鞋	1536	100	10	3	887000	504000	-1	887000	504000	-1	-1	251000	-1	-1	251000	-1	-1	251000	-1	-1	251000	-1	25000	-1	-1	-1	1275000	504000	-1	25000	-1	-1	-1	1275000	504000	-1	25000	-1	-1	-1	504000	-1	-1	-1	-1	-1	-1	-1	-1	-1	-1	-1	-1	-1	-1	-1	-1	-1	-1	-1	-1	-1	-1	-1	66	-1	66	-1	-1	-1	Food_1
10211049	1	2	11	49	4	49	1	49	4	命刻鞋	97	100级标准，鞋	1536	100	10	3	887000	504000	-1	887000	504000	-1	-1	251000	-1	-1	251000	-1	-1	251000	-1	-1	251000	-1	25000	-1	-1	-1	1275000	504000	-1	25000	-1	-1	-1	1275000	504000	-1	25000	-1	-1	-1	504000	-1	-1	-1	-1	-1	-1	-1	-1	-1	-1	-1	-1	-1	-1	-1	-1	-1	-1	-1	-1	-1	-1	-1	66	-1	66	-1	-1	-1	Food_1
10211050	1	2	11	50	4	50	1	50	4	空梦鞋	97	100级标准，鞋	1536	100	10	3	887000	504000	-1	887000	504000	-1	-1	251000	-1	-1	251000	-1	-1	251000	-1	-1	251000	-1	25000	-1	-1	-1	1275000	504000	-1	25000	-1	-1	-1	1275000	504000	-1	25000	-1	-1	-1	504000	-1	-1	-1	-1	-1	-1	-1	-1	-1	-1	-1	-1	-1	-1	-1	-1	-1	-1	-1	-1	-1	-1	-1	66	-1	66	-1	-1	-1	Food_1
10212001	1	2	12	1	3	61	1	1	4	粗布护腕	6	10级标准，护腕	128	60	6	0	887000	504000	-1	887000	504000	-1	-1	251000	-1	-1	251000	-1	-1	251000	-1	-1	251000	-1	25000	-1	-1	-1	1275000	504000	-1	25000	-1	-1	-1	1275000	504000	-1	25000	-1	-1	-1	504000	-1	-1	-1	-1	-1	-1	-1	-1	-1	-1	-1	-1	-1	-1	-1	-1	-1	-1	-1	-1	-1	-1	-1	10	-1	10	-1	-1	-1	Food_1
10212002	1	2	12	2	3	62	1	2	4	麻布护腕	6	10级标准，护腕	128	60	6	0	887000	504000	-1	887000	504000	-1	-1	251000	-1	-1	251000	-1	-1	251000	-1	-1	251000	-1	25000	-1	-1	-1	1275000	504000	-1	25000	-1	-1	-1	1275000	504000	-1	25000	-1	-1	-1	504000	-1	-1	-1	-1	-1	-1	-1	-1	-1	-1	-1	-1	-1	-1	-1	-1	-1	-1	-1	-1	-1	-1	-1	10	-1	10	-1	-1	-1	Food_1
10212003	1	2	12	3	3	63	1	3	4	毛布护腕	6	10级标准，护腕	128	60	6	0	887000	504000	-1	887000	504000	-1	-1	251000	-1	-1	251000	-1	-1	251000	-1	-1	251000	-1	25000	-1	-1	-1	1275000	504000	-1	25000	-1	-1	-1	1275000	504000	-1	25000	-1	-1	-1	504000	-1	-1	-1	-1	-1	-1	-1	-1	-1	-1	-1	-1	-1	-1	-1	-1	-1	-1	-1	-1	-1	-1	-1	10	-1	10	-1	-1	-1	Food_1
10212004	1	2	12	4	3	64	1	4	4	源泉护腕	16	20级标准，护腕	160	60	6	0	887000	504000	-1	887000	504000	-1	-1	251000	-1	-1	251000	-1	-1	251000	-1	-1	251000	-1	25000	-1	-1	-1	1275000	504000	-1	25000	-1	-1	-1	1275000	504000	-1	25000	-1	-1	-1	504000	-1	-1	-1	-1	-1	-1	-1	-1	-1	-1	-1	-1	-1	-1	-1	-1	-1	-1	-1	-1	-1	-1	-1	16	-1	16	-1	-1	-1	Food_1
10212005	1	2	12	5	3	65	1	5	4	重生护腕	16	20级标准，护腕	160	60	6	0	887000	504000	-1	887000	504000	-1	-1	251000	-1	-1	251000	-1	-1	251000	-1	-1	251000	-1	25000	-1	-1	-1	1275000	504000	-1	25000	-1	-1	-1	1275000	504000	-1	25000	-1	-1	-1	504000	-1	-1	-1	-1	-1	-1	-1	-1	-1	-1	-1	-1	-1	-1	-1	-1	-1	-1	-1	-1	-1	-1	-1	16	-1	16	-1	-1	-1	Food_1
10212006	1	2	12	6	3	66	1	6	4	虎牙护腕	26	30级标准，护腕	224	70	7	1	887000	504000	-1	887000	504000	-1	-1	251000	-1	-1	251000	-1	-1	251000	-1	-1	251000	-1	25000	-1	-1	-1	1275000	504000	-1	25000	-1	-1	-1	1275000	504000	-1	25000	-1	-1	-1	504000	-1	-1	-1	-1	-1	-1	-1	-1	-1	-1	-1	-1	-1	-1	-1	-1	-1	-1	-1	-1	-1	-1	-1	22	-1	22	-1	-1	-1	Food_1
10212007	1	2	12	7	3	67	1	7	4	虎爪护腕	26	30级标准，护腕	224	70	7	1	887000	504000	-1	887000	504000	-1	-1	251000	-1	-1	251000	-1	-1	251000	-1	-1	251000	-1	25000	-1	-1	-1	1275000	504000	-1	25000	-1	-1	-1	1275000	504000	-1	25000	-1	-1	-1	504000	-1	-1	-1	-1	-1	-1	-1	-1	-1	-1	-1	-1	-1	-1	-1	-1	-1	-1	-1	-1	-1	-1	-1	22	-1	22	-1	-1	-1	Food_1
10212008	1	2	12	8	3	68	1	8	4	虎头护腕	26	30级标准，护腕	224	70	7	1	887000	504000	-1	887000	504000	-1	-1	251000	-1	-1	251000	-1	-1	251000	-1	-1	251000	-1	25000	-1	-1	-1	1275000	504000	-1	25000	-1	-1	-1	1275000	504000	-1	25000	-1	-1	-1	504000	-1	-1	-1	-1	-1	-1	-1	-1	-1	-1	-1	-1	-1	-1	-1	-1	-1	-1	-1	-1	-1	-1	-1	22	-1	22	-1	-1	-1	Food_1
10212009	1	2	12	9	3	69	1	9	4	丝绸护腕	36	40级标准，护腕	288	70	7	1	887000	504000	-1	887000	504000	-1	-1	251000	-1	-1	251000	-1	-1	251000	-1	-1	251000	-1	25000	-1	-1	-1	1275000	504000	-1	25000	-1	-1	-1	1275000	504000	-1	25000	-1	-1	-1	504000	-1	-1	-1	-1	-1	-1	-1	-1	-1	-1	-1	-1	-1	-1	-1	-1	-1	-1	-1	-1	-1	-1	-1	29	-1	29	-1	-1	-1	Food_1
10212010	1	2	12	10	3	70	1	10	4	乌丝护腕	36	40级标准，护腕	288	70	7	1	887000	504000	-1	887000	504000	-1	-1	251000	-1	-1	251000	-1	-1	251000	-1	-1	251000	-1	25000	-1	-1	-1	1275000	504000	-1	25000	-1	-1	-1	1275000	504000	-1	25000	-1	-1	-1	504000	-1	-1	-1	-1	-1	-1	-1	-1	-1	-1	-1	-1	-1	-1	-1	-1	-1	-1	-1	-1	-1	-1	-1	29	-1	29	-1	-1	-1	Food_1
10212011	1	2	12	11	3	71	1	11	4	丝羽护腕	36	40级标准，护腕	288	70	7	1	887000	504000	-1	887000	504000	-1	-1	251000	-1	-1	251000	-1	-1	251000	-1	-1	251000	-1	25000	-1	-1	-1	1275000	504000	-1	25000	-1	-1	-1	1275000	504000	-1	25000	-1	-1	-1	504000	-1	-1	-1	-1	-1	-1	-1	-1	-1	-1	-1	-1	-1	-1	-1	-1	-1	-1	-1	-1	-1	-1	-1	29	-1	29	-1	-1	-1	Food_1
10212012	1	2	12	12	3	72	1	12	4	勇士护腕	46	50级标准，护腕	416	80	8	2	887000	504000	-1	887000	504000	-1	-1	251000	-1	-1	251000	-1	-1	251000	-1	-1	251000	-1	25000	-1	-1	-1	1275000	504000	-1	25000	-1	-1	-1	1275000	504000	-1	25000	-1	-1	-1	504000	-1	-1	-1	-1	-1	-1	-1	-1	-1	-1	-1	-1	-1	-1	-1	-1	-1	-1	-1	-1	-1	-1	-1	35	-1	35	-1	-1	-1	Food_1
10212013	1	2	12	13	3	73	1	13	4	修真护腕	46	50级标准，护腕	416	80	8	2	887000	504000	-1	887000	504000	-1	-1	251000	-1	-1	251000	-1	-1	251000	-1	-1	251000	-1	25000	-1	-1	-1	1275000	504000	-1	25000	-1	-1	-1	1275000	504000	-1	25000	-1	-1	-1	504000	-1	-1	-1	-1	-1	-1	-1	-1	-1	-1	-1	-1	-1	-1	-1	-1	-1	-1	-1	-1	-1	-1	-1	35	-1	35	-1	-1	-1	Food_1
10212014	1	2	12	14	3	74	1	14	4	哲别护腕	46	50级标准，护腕	416	80	8	2	887000	504000	-1	887000	504000	-1	-1	251000	-1	-1	251000	-1	-1	251000	-1	-1	251000	-1	25000	-1	-1	-1	1275000	504000	-1	25000	-1	-1	-1	1275000	504000	-1	25000	-1	-1	-1	504000	-1	-1	-1	-1	-1	-1	-1	-1	-1	-1	-1	-1	-1	-1	-1	-1	-1	-1	-1	-1	-1	-1	-1	35	-1	35	-1	-1	-1	Food_1
10212015	1	2	12	15	3	75	1	15	4	乌蛮护腕	56	60级标准，护腕	544	80	8	2	887000	504000	-1	887000	504000	-1	-1	251000	-1	-1	251000	-1	-1	251000	-1	-1	251000	-1	25000	-1	-1	-1	1275000	504000	-1	25000	-1	-1	-1	1275000	504000	-1	25000	-1	-1	-1	504000	-1	-1	-1	-1	-1	-1	-1	-1	-1	-1	-1	-1	-1	-1	-1	-1	-1	-1	-1	-1	-1	-1	-1	41	-1	41	-1	-1	-1	Food_1
10212016	1	2	12	16	3	76	1	16	4	乌蚕护腕	56	60级标准，护腕	544	80	8	2	887000	504000	-1	887000	504000	-1	-1	251000	-1	-1	251000	-1	-1	251000	-1	-1	251000	-1	25000	-1	-1	-1	1275000	504000	-1	25000	-1	-1	-1	1275000	504000	-1	25000	-1	-1	-1	504000	-1	-1	-1	-1	-1	-1	-1	-1	-1	-1	-1	-1	-1	-1	-1	-1	-1	-1	-1	-1	-1	-1	-1	41	-1	41	-1	-1	-1	Food_1
10212017	1	2	12	17	3	77	1	17	4	苍蟒护腕	56	60级标准，护腕	544	80	8	2	887000	504000	-1	887000	504000	-1	-1	251000	-1	-1	251000	-1	-1	251000	-1	-1	251000	-1	25000	-1	-1	-1	1275000	504000	-1	25000	-1	-1	-1	1275000	504000	-1	25000	-1	-1	-1	504000	-1	-1	-1	-1	-1	-1	-1	-1	-1	-1	-1	-1	-1	-1	-1	-1	-1	-1	-1	-1	-1	-1	-1	41	-1	41	-1	-1	-1	Food_1
10212018	1	2	12	18	3	78	1	18	4	真武护腕	66	70级标准，护腕	704	90	9	3	887000	504000	-1	887000	504000	-1	-1	251000	-1	-1	251000	-1	-1	251000	-1	-1	251000	-1	25000	-1	-1	-1	1275000	504000	-1	25000	-1	-1	-1	1275000	504000	-1	25000	-1	-1	-1	504000	-1	-1	-1	-1	-1	-1	-1	-1	-1	-1	-1	-1	-1	-1	-1	-1	-1	-1	-1	-1	-1	-1	-1	47	-1	47	-1	-1	-1	Food_1
10212019	1	2	12	19	3	79	1	19	4	罗汉护腕	66	70级标准，护腕	704	90	9	3	887000	504000	-1	887000	504000	-1	-1	251000	-1	-1	251000	-1	-1	251000	-1	-1	251000	-1	25000	-1	-1	-1	1275000	504000	-1	25000	-1	-1	-1	1275000	504000	-1	25000	-1	-1	-1	504000	-1	-1	-1	-1	-1	-1	-1	-1	-1	-1	-1	-1	-1	-1	-1	-1	-1	-1	-1	-1	-1	-1	-1	47	-1	47	-1	-1	-1	Food_1
10212020	1	2	12	20	3	80	1	20	4	拜火护腕	66	70级标准，护腕	704	90	9	3	887000	504000	-1	887000	504000	-1	-1	251000	-1	-1	251000	-1	-1	251000	-1	-1	251000	-1	25000	-1	-1	-1	1275000	504000	-1	25000	-1	-1	-1	1275000	504000	-1	25000	-1	-1	-1	504000	-1	-1	-1	-1	-1	-1	-1	-1	-1	-1	-1	-1	-1	-1	-1	-1	-1	-1	-1	-1	-1	-1	-1	47	-1	47	-1	-1	-1	Food_1
10212021	1	2	12	21	3	81	1	21	4	怜悯护腕	66	70级标准，护腕	704	90	9	3	887000	504000	-1	887000	504000	-1	-1	251000	-1	-1	251000	-1	-1	251000	-1	-1	251000	-1	25000	-1	-1	-1	1275000	504000	-1	25000	-1	-1	-1	1275000	504000	-1	25000	-1	-1	-1	504000	-1	-1	-1	-1	-1	-1	-1	-1	-1	-1	-1	-1	-1	-1	-1	-1	-1	-1	-1	-1	-1	-1	-1	47	-1	47	-1	-1	-1	Food_1
10212022	1	2	12	22	3	82	1	22	4	枯荣护腕	66	70级标准，护腕	704	90	9	3	887000	504000	-1	887000	504000	-1	-1	251000	-1	-1	251000	-1	-1	251000	-1	-1	251000	-1	25000	-1	-1	-1	1275000	504000	-1	25000	-1	-1	-1	1275000	504000	-1	25000	-1	-1	-1	504000	-1	-1	-1	-1	-1	-1	-1	-1	-1	-1	-1	-1	-1	-1	-1	-1	-1	-1	-1	-1	-1	-1	-1	47	-1	47	-1	-1	-1	Food_1
10212023	1	2	12	23	3	83	1	23	4	百虫护腕	66	70级标准，护腕	704	90	9	3	887000	504000	-1	887000	504000	-1	-1	251000	-1	-1	251000	-1	-1	251000	-1	-1	251000	-1	25000	-1	-1	-1	1275000	504000	-1	25000	-1	-1	-1	1275000	504000	-1	25000	-1	-1	-1	504000	-1	-1	-1	-1	-1	-1	-1	-1	-1	-1	-1	-1	-1	-1	-1	-1	-1	-1	-1	-1	-1	-1	-1	47	-1	47	-1	-1	-1	Food_1
10212024	1	2	12	24	3	84	1	24	4	达摩护腕	73	75级标准，护腕	896	90	9	3	887000	504000	-1	887000	504000	-1	-1	251000	-1	-1	251000	-1	-1	251000	-1	-1	251000	-1	25000	-1	-1	-1	1275000	504000	-1	25000	-1	-1	-1	1275000	504000	-1	25000	-1	-1	-1	504000	-1	-1	-1	-1	-1	-1	-1	-1	-1	-1	-1	-1	-1	-1	-1	-1	-1	-1	-1	-1	-1	-1	-1	54	-1	54	-1	-1	-1	Food_1
10212025	1	2	12	25	3	85	1	25	4	神龙护腕	73	75级标准，护腕	896	90	9	3	887000	504000	-1	887000	504000	-1	-1	251000	-1	-1	251000	-1	-1	251000	-1	-1	251000	-1	25000	-1	-1	-1	1275000	504000	-1	25000	-1	-1	-1	1275000	504000	-1	25000	-1	-1	-1	504000	-1	-1	-1	-1	-1	-1	-1	-1	-1	-1	-1	-1	-1	-1	-1	-1	-1	-1	-1	-1	-1	-1	-1	54	-1	54	-1	-1	-1	Food_1
10212026	1	2	12	26	3	86	1	26	4	问情护腕	73	75级标准，护腕	896	90	9	3	887000	504000	-1	887000	504000	-1	-1	251000	-1	-1	251000	-1	-1	251000	-1	-1	251000	-1	25000	-1	-1	-1	1275000	504000	-1	25000	-1	-1	-1	1275000	504000	-1	25000	-1	-1	-1	504000	-1	-1	-1	-1	-1	-1	-1	-1	-1	-1	-1	-1	-1	-1	-1	-1	-1	-1	-1	-1	-1	-1	-1	54	-1	54	-1	-1	-1	Food_1
10212027	1	2	12	27	3	87	1	27	4	玄武护腕	73	75级标准，护腕	896	90	9	3	887000	504000	-1	887000	504000	-1	-1	251000	-1	-1	251000	-1	-1	251000	-1	-1	251000	-1	25000	-1	-1	-1	1275000	504000	-1	25000	-1	-1	-1	1275000	504000	-1	25000	-1	-1	-1	504000	-1	-1	-1	-1	-1	-1	-1	-1	-1	-1	-1	-1	-1	-1	-1	-1	-1	-1	-1	-1	-1	-1	-1	54	-1	54	-1	-1	-1	Food_1
10212028	1	2	12	28	3	88	1	28	4	独尊护腕	73	75级标准，护腕	896	90	9	3	887000	504000	-1	887000	504000	-1	-1	251000	-1	-1	251000	-1	-1	251000	-1	-1	251000	-1	25000	-1	-1	-1	1275000	504000	-1	25000	-1	-1	-1	1275000	504000	-1	25000	-1	-1	-1	504000	-1	-1	-1	-1	-1	-1	-1	-1	-1	-1	-1	-1	-1	-1	-1	-1	-1	-1	-1	-1	-1	-1	-1	54	-1	54	-1	-1	-1	Food_1
10212029	1	2	12	29	3	89	1	29	4	遨游护腕	73	75级标准，护腕	896	90	9	3	887000	504000	-1	887000	504000	-1	-1	251000	-1	-1	251000	-1	-1	251000	-1	-1	251000	-1	25000	-1	-1	-1	1275000	504000	-1	25000	-1	-1	-1	1275000	504000	-1	25000	-1	-1	-1	504000	-1	-1	-1	-1	-1	-1	-1	-1	-1	-1	-1	-1	-1	-1	-1	-1	-1	-1	-1	-1	-1	-1	-1	54	-1	54	-1	-1	-1	Food_1
10212030	1	2	12	30	3	90	1	30	4	如来护腕	78	80级标准，护腕	896	90	9	3	887000	504000	-1	887000	504000	-1	-1	251000	-1	-1	251000	-1	-1	251000	-1	-1	251000	-1	25000	-1	-1	-1	1275000	504000	-1	25000	-1	-1	-1	1275000	504000	-1	25000	-1	-1	-1	504000	-1	-1	-1	-1	-1	-1	-1	-1	-1	-1	-1	-1	-1	-1	-1	-1	-1	-1	-1	-1	-1	-1	-1	54	-1	54	-1	-1	-1	Food_1
10212031	1	2	12	31	3	61	1	31	4	龙女护腕	78	80级标准，护腕	896	90	9	3	887000	504000	-1	887000	504000	-1	-1	251000	-1	-1	251000	-1	-1	251000	-1	-1	251000	-1	25000	-1	-1	-1	1275000	504000	-1	25000	-1	-1	-1	1275000	504000	-1	25000	-1	-1	-1	504000	-1	-1	-1	-1	-1	-1	-1	-1	-1	-1	-1	-1	-1	-1	-1	-1	-1	-1	-1	-1	-1	-1	-1	54	-1	54	-1	-1	-1	Food_1
10212032	1	2	12	32	3	62	1	32	4	圣武护腕	78	80级标准，护腕	896	90	9	3	887000	504000	-1	887000	504000	-1	-1	251000	-1	-1	251000	-1	-1	251000	-1	-1	251000	-1	25000	-1	-1	-1	1275000	504000	-1	25000	-1	-1	-1	1275000	504000	-1	25000	-1	-1	-1	504000	-1	-1	-1	-1	-1	-1	-1	-1	-1	-1	-1	-1	-1	-1	-1	-1	-1	-1	-1	-1	-1	-1	-1	54	-1	54	-1	-1	-1	Food_1
10212033	1	2	12	33	3	63	1	33	4	北溟护腕	78	80级标准，护腕	896	90	9	3	887000	504000	-1	887000	504000	-1	-1	251000	-1	-1	251000	-1	-1	251000	-1	-1	251000	-1	25000	-1	-1	-1	1275000	504000	-1	25000	-1	-1	-1	1275000	504000	-1	25000	-1	-1	-1	504000	-1	-1	-1	-1	-1	-1	-1	-1	-1	-1	-1	-1	-1	-1	-1	-1	-1	-1	-1	-1	-1	-1	-1	54	-1	54	-1	-1	-1	Food_1
10212034	1	2	12	34	3	64	1	34	4	八荒护腕	78	80级标准，护腕	896	90	9	3	887000	504000	-1	887000	504000	-1	-1	251000	-1	-1	251000	-1	-1	251000	-1	-1	251000	-1	25000	-1	-1	-1	1275000	504000	-1	25000	-1	-1	-1	1275000	504000	-1	25000	-1	-1	-1	504000	-1	-1	-1	-1	-1	-1	-1	-1	-1	-1	-1	-1	-1	-1	-1	-1	-1	-1	-1	-1	-1	-1	-1	54	-1	54	-1	-1	-1	Food_1
10212035	1	2	12	35	3	65	1	35	4	天行护腕	78	80级标准，护腕	896	90	9	3	887000	504000	-1	887000	504000	-1	-1	251000	-1	-1	251000	-1	-1	251000	-1	-1	251000	-1	25000	-1	-1	-1	1275000	504000	-1	25000	-1	-1	-1	1275000	504000	-1	25000	-1	-1	-1	504000	-1	-1	-1	-1	-1	-1	-1	-1	-1	-1	-1	-1	-1	-1	-1	-1	-1	-1	-1	-1	-1	-1	-1	54	-1	54	-1	-1	-1	Food_1
10212036	1	2	12	36	3	66	1	36	4	鬼眼护腕	83	85级标准，护腕	1184	100	10	3	887000	504000	-1	887000	504000	-1	-1	251000	-1	-1	251000	-1	-1	251000	-1	-1	251000	-1	25000	-1	-1	-1	1275000	504000	-1	25000	-1	-1	-1	1275000	504000	-1	25000	-1	-1	-1	504000	-1	-1	-1	-1	-1	-1	-1	-1	-1	-1	-1	-1	-1	-1	-1	-1	-1	-1	-1	-1	-1	-1	-1	60	-1	60	-1	-1	-1	Food_1
10212037	1	2	12	37	3	67	1	37	4	神形护腕	83	85级标准，护腕	1184	100	10	3	887000	504000	-1	887000	504000	-1	-1	251000	-1	-1	251000	-1	-1	251000	-1	-1	251000	-1	25000	-1	-1	-1	1275000	504000	-1	25000	-1	-1	-1	1275000	504000	-1	25000	-1	-1	-1	504000	-1	-1	-1	-1	-1	-1	-1	-1	-1	-1	-1	-1	-1	-1	-1	-1	-1	-1	-1	-1	-1	-1	-1	60	-1	60	-1	-1	-1	Food_1
10212038	1	2	12	38	3	68	1	38	4	旋玑护腕	83	85级标准，护腕	1184	100	10	3	887000	504000	-1	887000	504000	-1	-1	251000	-1	-1	251000	-1	-1	251000	-1	-1	251000	-1	25000	-1	-1	-1	1275000	504000	-1	25000	-1	-1	-1	1275000	504000	-1	25000	-1	-1	-1	504000	-1	-1	-1	-1	-1	-1	-1	-1	-1	-1	-1	-1	-1	-1	-1	-1	-1	-1	-1	-1	-1	-1	-1	60	-1	60	-1	-1	-1	Food_1
10212039	1	2	12	39	3	69	1	39	4	圣灵护腕	83	85级标准，护腕	1184	100	10	3	887000	504000	-1	887000	504000	-1	-1	251000	-1	-1	251000	-1	-1	251000	-1	-1	251000	-1	25000	-1	-1	-1	1275000	504000	-1	25000	-1	-1	-1	1275000	504000	-1	25000	-1	-1	-1	504000	-1	-1	-1	-1	-1	-1	-1	-1	-1	-1	-1	-1	-1	-1	-1	-1	-1	-1	-1	-1	-1	-1	-1	60	-1	60	-1	-1	-1	Food_1
10212040	1	2	12	40	3	70	1	40	4	金罡护腕	83	85级标准，护腕	1184	100	10	3	887000	504000	-1	887000	504000	-1	-1	251000	-1	-1	251000	-1	-1	251000	-1	-1	251000	-1	25000	-1	-1	-1	1275000	504000	-1	25000	-1	-1	-1	1275000	504000	-1	25000	-1	-1	-1	504000	-1	-1	-1	-1	-1	-1	-1	-1	-1	-1	-1	-1	-1	-1	-1	-1	-1	-1	-1	-1	-1	-1	-1	60	-1	60	-1	-1	-1	Food_1
10212041	1	2	12	41	3	71	1	41	4	九狐护腕	88	90级标准，护腕	1184	100	10	3	887000	504000	-1	887000	504000	-1	-1	251000	-1	-1	251000	-1	-1	251000	-1	-1	251000	-1	25000	-1	-1	-1	1275000	504000	-1	25000	-1	-1	-1	1275000	504000	-1	25000	-1	-1	-1	504000	-1	-1	-1	-1	-1	-1	-1	-1	-1	-1	-1	-1	-1	-1	-1	-1	-1	-1	-1	-1	-1	-1	-1	60	-1	60	-1	-1	-1	Food_1
10212042	1	2	12	42	3	72	1	42	4	纯阳护腕	88	90级标准，护腕	1184	100	10	3	887000	504000	-1	887000	504000	-1	-1	251000	-1	-1	251000	-1	-1	251000	-1	-1	251000	-1	25000	-1	-1	-1	1275000	504000	-1	25000	-1	-1	-1	1275000	504000	-1	25000	-1	-1	-1	504000	-1	-1	-1	-1	-1	-1	-1	-1	-1	-1	-1	-1	-1	-1	-1	-1	-1	-1	-1	-1	-1	-1	-1	60	-1	60	-1	-1	-1	Food_1
10212043	1	2	12	43	3	73	1	43	4	踏风护腕	88	90级标准，护腕	1184	100	10	3	887000	504000	-1	887000	504000	-1	-1	251000	-1	-1	251000	-1	-1	251000	-1	-1	251000	-1	25000	-1	-1	-1	1275000	504000	-1	25000	-1	-1	-1	1275000	504000	-1	25000	-1	-1	-1	504000	-1	-1	-1	-1	-1	-1	-1	-1	-1	-1	-1	-1	-1	-1	-1	-1	-1	-1	-1	-1	-1	-1	-1	60	-1	60	-1	-1	-1	Food_1
10212044	1	2	12	44	3	74	1	44	4	青溥护腕	88	90级标准，护腕	1184	100	10	3	887000	504000	-1	887000	504000	-1	-1	251000	-1	-1	251000	-1	-1	251000	-1	-1	251000	-1	25000	-1	-1	-1	1275000	504000	-1	25000	-1	-1	-1	1275000	504000	-1	25000	-1	-1	-1	504000	-1	-1	-1	-1	-1	-1	-1	-1	-1	-1	-1	-1	-1	-1	-1	-1	-1	-1	-1	-1	-1	-1	-1	60	-1	60	-1	-1	-1	Food_1
10212045	1	2	12	45	3	75	1	45	4	归元护腕	93	95级标准，护腕	1536	100	10	3	887000	504000	-1	887000	504000	-1	-1	251000	-1	-1	251000	-1	-1	251000	-1	-1	251000	-1	25000	-1	-1	-1	1275000	504000	-1	25000	-1	-1	-1	1275000	504000	-1	25000	-1	-1	-1	504000	-1	-1	-1	-1	-1	-1	-1	-1	-1	-1	-1	-1	-1	-1	-1	-1	-1	-1	-1	-1	-1	-1	-1	66	-1	66	-1	-1	-1	Food_1
10212046	1	2	12	46	3	76	1	46	4	天神护腕	93	95级标准，护腕	1536	100	10	3	887000	504000	-1	887000	504000	-1	-1	251000	-1	-1	251000	-1	-1	251000	-1	-1	251000	-1	25000	-1	-1	-1	1275000	504000	-1	25000	-1	-1	-1	1275000	504000	-1	25000	-1	-1	-1	504000	-1	-1	-1	-1	-1	-1	-1	-1	-1	-1	-1	-1	-1	-1	-1	-1	-1	-1	-1	-1	-1	-1	-1	66	-1	66	-1	-1	-1	Food_1
10212047	1	2	12	47	3	77	1	47	4	龙牙护腕	93	95级标准，护腕	1536	100	10	3	887000	504000	-1	887000	504000	-1	-1	251000	-1	-1	251000	-1	-1	251000	-1	-1	251000	-1	25000	-1	-1	-1	1275000	504000	-1	25000	-1	-1	-1	1275000	504000	-1	25000	-1	-1	-1	504000	-1	-1	-1	-1	-1	-1	-1	-1	-1	-1	-1	-1	-1	-1	-1	-1	-1	-1	-1	-1	-1	-1	-1	66	-1	66	-1	-1	-1	Food_1
10212048	1	2	12	48	3	78	1	48	4	修罗护腕	98	100级标准，护腕	1536	100	10	3	887000	504000	-1	887000	504000	-1	-1	251000	-1	-1	251000	-1	-1	251000	-1	-1	251000	-1	25000	-1	-1	-1	1275000	504000	-1	25000	-1	-1	-1	1275000	504000	-1	25000	-1	-1	-1	504000	-1	-1	-1	-1	-1	-1	-1	-1	-1	-1	-1	-1	-1	-1	-1	-1	-1	-1	-1	-1	-1	-1	-1	66	-1	66	-1	-1	-1	Food_1
10212049	1	2	12	49	3	79	1	49	4	命刻护腕	98	100级标准，护腕	1536	100	10	3	887000	504000	-1	887000	504000	-1	-1	251000	-1	-1	251000	-1	-1	251000	-1	-1	251000	-1	25000	-1	-1	-1	1275000	504000	-1	25000	-1	-1	-1	1275000	504000	-1	25000	-1	-1	-1	504000	-1	-1	-1	-1	-1	-1	-1	-1	-1	-1	-1	-1	-1	-1	-1	-1	-1	-1	-1	-1	-1	-1	-1	66	-1	66	-1	-1	-1	Food_1
10212050	1	2	12	50	3	80	1	50	4	空梦护腕	98	100级标准，护腕	1536	100	10	3	887000	504000	-1	887000	504000	-1	-1	251000	-1	-1	251000	-1	-1	251000	-1	-1	251000	-1	25000	-1	-1	-1	1275000	504000	-1	25000	-1	-1	-1	1275000	504000	-1	25000	-1	-1	-1	504000	-1	-1	-1	-1	-1	-1	-1	-1	-1	-1	-1	-1	-1	-1	-1	-1	-1	-1	-1	-1	-1	-1	-1	66	-1	66	-1	-1	-1	Food_1
10213001	1	2	13	1	2	1	1	1	4	粗布衣	8	10级标准，衣	128	60	6	0	887000	504000	-1	887000	504000	-1	-1	251000	-1	-1	251000	-1	-1	251000	-1	-1	251000	-1	25000	-1	-1	-1	1275000	504000	-1	25000	-1	-1	-1	1275000	504000	-1	25000	-1	-1	-1	504000	-1	-1	-1	-1	-1	-1	-1	-1	-1	-1	-1	-1	-1	-1	-1	-1	-1	-1	-1	-1	-1	-1	-1	10	-1	10	-1	-1	-1	Food_1
10213002	1	2	13	2	2	2	1	2	4	麻布衣	8	10级标准，衣	128	60	6	0	887000	504000	-1	887000	504000	-1	-1	251000	-1	-1	251000	-1	-1	251000	-1	-1	251000	-1	25000	-1	-1	-1	1275000	504000	-1	25000	-1	-1	-1	1275000	504000	-1	25000	-1	-1	-1	504000	-1	-1	-1	-1	-1	-1	-1	-1	-1	-1	-1	-1	-1	-1	-1	-1	-1	-1	-1	-1	-1	-1	-1	10	-1	10	-1	-1	-1	Food_1
10213003	1	2	13	3	2	3	1	3	4	毛布衣	8	10级标准，衣	128	60	6	0	887000	504000	-1	887000	504000	-1	-1	251000	-1	-1	251000	-1	-1	251000	-1	-1	251000	-1	25000	-1	-1	-1	1275000	504000	-1	25000	-1	-1	-1	1275000	504000	-1	25000	-1	-1	-1	504000	-1	-1	-1	-1	-1	-1	-1	-1	-1	-1	-1	-1	-1	-1	-1	-1	-1	-1	-1	-1	-1	-1	-1	10	-1	10	-1	-1	-1	Food_1
10213004	1	2	13	4	2	4	1	4	4	源泉衣	18	20级标准，衣	160	60	6	0	887000	504000	-1	887000	504000	-1	-1	251000	-1	-1	251000	-1	-1	251000	-1	-1	251000	-1	25000	-1	-1	-1	1275000	504000	-1	25000	-1	-1	-1	1275000	504000	-1	25000	-1	-1	-1	504000	-1	-1	-1	-1	-1	-1	-1	-1	-1	-1	-1	-1	-1	-1	-1	-1	-1	-1	-1	-1	-1	-1	-1	16	-1	16	-1	-1	-1	Food_1
10213005	1	2	13	5	2	5	1	5	4	重生衣	18	20级标准，衣	160	60	6	0	887000	504000	-1	887000	504000	-1	-1	251000	-1	-1	251000	-1	-1	251000	-1	-1	251000	-1	25000	-1	-1	-1	1275000	504000	-1	25000	-1	-1	-1	1275000	504000	-1	25000	-1	-1	-1	504000	-1	-1	-1	-1	-1	-1	-1	-1	-1	-1	-1	-1	-1	-1	-1	-1	-1	-1	-1	-1	-1	-1	-1	16	-1	16	-1	-1	-1	Food_1
10213006	1	2	13	6	2	6	1	6	4	虎牙衣	28	30级标准，衣	224	70	7	1	887000	504000	-1	887000	504000	-1	-1	251000	-1	-1	251000	-1	-1	251000	-1	-1	251000	-1	25000	-1	-1	-1	1275000	504000	-1	25000	-1	-1	-1	1275000	504000	-1	25000	-1	-1	-1	504000	-1	-1	-1	-1	-1	-1	-1	-1	-1	-1	-1	-1	-1	-1	-1	-1	-1	-1	-1	-1	-1	-1	-1	22	-1	22	-1	-1	-1	Food_1
10213007	1	2	13	7	2	7	1	7	4	虎爪衣	28	30级标准，衣	224	70	7	1	887000	504000	-1	887000	504000	-1	-1	251000	-1	-1	251000	-1	-1	251000	-1	-1	251000	-1	25000	-1	-1	-1	1275000	504000	-1	25000	-1	-1	-1	1275000	504000	-1	25000	-1	-1	-1	504000	-1	-1	-1	-1	-1	-1	-1	-1	-1	-1	-1	-1	-1	-1	-1	-1	-1	-1	-1	-1	-1	-1	-1	22	-1	22	-1	-1	-1	Food_1
10213008	1	2	13	8	2	8	1	8	4	虎头衣	28	30级标准，衣	224	70	7	1	887000	504000	-1	887000	504000	-1	-1	251000	-1	-1	251000	-1	-1	251000	-1	-1	251000	-1	25000	-1	-1	-1	1275000	504000	-1	25000	-1	-1	-1	1275000	504000	-1	25000	-1	-1	-1	504000	-1	-1	-1	-1	-1	-1	-1	-1	-1	-1	-1	-1	-1	-1	-1	-1	-1	-1	-1	-1	-1	-1	-1	22	-1	22	-1	-1	-1	Food_1
10213009	1	2	13	9	2	9	1	9	4	丝绸衣	38	40级标准，衣	288	70	7	1	887000	504000	-1	887000	504000	-1	-1	251000	-1	-1	251000	-1	-1	251000	-1	-1	251000	-1	25000	-1	-1	-1	1275000	504000	-1	25000	-1	-1	-1	1275000	504000	-1	25000	-1	-1	-1	504000	-1	-1	-1	-1	-1	-1	-1	-1	-1	-1	-1	-1	-1	-1	-1	-1	-1	-1	-1	-1	-1	-1	-1	29	-1	29	-1	-1	-1	Food_1
10213010	1	2	13	10	2	10	1	10	4	乌丝衣	38	40级标准，衣	288	70	7	1	887000	504000	-1	887000	504000	-1	-1	251000	-1	-1	251000	-1	-1	251000	-1	-1	251000	-1	25000	-1	-1	-1	1275000	504000	-1	25000	-1	-1	-1	1275000	504000	-1	25000	-1	-1	-1	504000	-1	-1	-1	-1	-1	-1	-1	-1	-1	-1	-1	-1	-1	-1	-1	-1	-1	-1	-1	-1	-1	-1	-1	29	-1	29	-1	-1	-1	Food_1
10213011	1	2	13	11	2	11	1	11	4	丝羽衣	38	40级标准，衣	288	70	7	1	887000	504000	-1	887000	504000	-1	-1	251000	-1	-1	251000	-1	-1	251000	-1	-1	251000	-1	25000	-1	-1	-1	1275000	504000	-1	25000	-1	-1	-1	1275000	504000	-1	25000	-1	-1	-1	504000	-1	-1	-1	-1	-1	-1	-1	-1	-1	-1	-1	-1	-1	-1	-1	-1	-1	-1	-1	-1	-1	-1	-1	29	-1	29	-1	-1	-1	Food_1
10213012	1	2	13	12	2	12	1	12	4	勇士衣	48	50级标准，衣	416	80	8	2	887000	504000	-1	887000	504000	-1	-1	251000	-1	-1	251000	-1	-1	251000	-1	-1	251000	-1	25000	-1	-1	-1	1275000	504000	-1	25000	-1	-1	-1	1275000	504000	-1	25000	-1	-1	-1	504000	-1	-1	-1	-1	-1	-1	-1	-1	-1	-1	-1	-1	-1	-1	-1	-1	-1	-1	-1	-1	-1	-1	-1	35	-1	35	-1	-1	-1	Food_1
10213013	1	2	13	13	2	13	1	13	4	修真衣	48	50级标准，衣	416	80	8	2	887000	504000	-1	887000	504000	-1	-1	251000	-1	-1	251000	-1	-1	251000	-1	-1	251000	-1	25000	-1	-1	-1	1275000	504000	-1	25000	-1	-1	-1	1275000	504000	-1	25000	-1	-1	-1	504000	-1	-1	-1	-1	-1	-1	-1	-1	-1	-1	-1	-1	-1	-1	-1	-1	-1	-1	-1	-1	-1	-1	-1	35	-1	35	-1	-1	-1	Food_1
10213014	1	2	13	14	2	14	1	14	4	哲别衣	48	50级标准，衣	416	80	8	2	887000	504000	-1	887000	504000	-1	-1	251000	-1	-1	251000	-1	-1	251000	-1	-1	251000	-1	25000	-1	-1	-1	1275000	504000	-1	25000	-1	-1	-1	1275000	504000	-1	25000	-1	-1	-1	504000	-1	-1	-1	-1	-1	-1	-1	-1	-1	-1	-1	-1	-1	-1	-1	-1	-1	-1	-1	-1	-1	-1	-1	35	-1	35	-1	-1	-1	Food_1
10213015	1	2	13	15	2	15	1	15	4	乌蛮衣	58	60级标准，衣	544	80	8	2	887000	504000	-1	887000	504000	-1	-1	251000	-1	-1	251000	-1	-1	251000	-1	-1	251000	-1	25000	-1	-1	-1	1275000	504000	-1	25000	-1	-1	-1	1275000	504000	-1	25000	-1	-1	-1	504000	-1	-1	-1	-1	-1	-1	-1	-1	-1	-1	-1	-1	-1	-1	-1	-1	-1	-1	-1	-1	-1	-1	-1	41	-1	41	-1	-1	-1	Food_1
10213016	1	2	13	16	2	16	1	16	4	乌蚕衣	58	60级标准，衣	544	80	8	2	887000	504000	-1	887000	504000	-1	-1	251000	-1	-1	251000	-1	-1	251000	-1	-1	251000	-1	25000	-1	-1	-1	1275000	504000	-1	25000	-1	-1	-1	1275000	504000	-1	25000	-1	-1	-1	504000	-1	-1	-1	-1	-1	-1	-1	-1	-1	-1	-1	-1	-1	-1	-1	-1	-1	-1	-1	-1	-1	-1	-1	41	-1	41	-1	-1	-1	Food_1
10213017	1	2	13	17	2	17	1	17	4	苍蟒衣	58	60级标准，衣	544	80	8	2	887000	504000	-1	887000	504000	-1	-1	251000	-1	-1	251000	-1	-1	251000	-1	-1	251000	-1	25000	-1	-1	-1	1275000	504000	-1	25000	-1	-1	-1	1275000	504000	-1	25000	-1	-1	-1	504000	-1	-1	-1	-1	-1	-1	-1	-1	-1	-1	-1	-1	-1	-1	-1	-1	-1	-1	-1	-1	-1	-1	-1	41	-1	41	-1	-1	-1	Food_1
10213018	1	2	13	18	2	18	1	18	4	真武衣	68	70级标准，衣	704	90	9	3	887000	504000	-1	887000	504000	-1	-1	251000	-1	-1	251000	-1	-1	251000	-1	-1	251000	-1	25000	-1	-1	-1	1275000	504000	-1	25000	-1	-1	-1	1275000	504000	-1	25000	-1	-1	-1	504000	-1	-1	-1	-1	-1	-1	-1	-1	-1	-1	-1	-1	-1	-1	-1	-1	-1	-1	-1	-1	-1	-1	-1	47	-1	47	-1	-1	-1	Food_1
10213019	1	2	13	19	2	19	1	19	4	罗汉衣	68	70级标准，衣	704	90	9	3	887000	504000	-1	887000	504000	-1	-1	251000	-1	-1	251000	-1	-1	251000	-1	-1	251000	-1	25000	-1	-1	-1	1275000	504000	-1	25000	-1	-1	-1	1275000	504000	-1	25000	-1	-1	-1	504000	-1	-1	-1	-1	-1	-1	-1	-1	-1	-1	-1	-1	-1	-1	-1	-1	-1	-1	-1	-1	-1	-1	-1	47	-1	47	-1	-1	-1	Food_1
10213020	1	2	13	20	2	20	1	20	4	拜火衣	68	70级标准，衣	704	90	9	3	887000	504000	-1	887000	504000	-1	-1	251000	-1	-1	251000	-1	-1	251000	-1	-1	251000	-1	25000	-1	-1	-1	1275000	504000	-1	25000	-1	-1	-1	1275000	504000	-1	25000	-1	-1	-1	504000	-1	-1	-1	-1	-1	-1	-1	-1	-1	-1	-1	-1	-1	-1	-1	-1	-1	-1	-1	-1	-1	-1	-1	47	-1	47	-1	-1	-1	Food_1
10213021	1	2	13	21	2	21	1	21	4	怜悯衣	68	70级标准，衣	704	90	9	3	887000	504000	-1	887000	504000	-1	-1	251000	-1	-1	251000	-1	-1	251000	-1	-1	251000	-1	25000	-1	-1	-1	1275000	504000	-1	25000	-1	-1	-1	1275000	504000	-1	25000	-1	-1	-1	504000	-1	-1	-1	-1	-1	-1	-1	-1	-1	-1	-1	-1	-1	-1	-1	-1	-1	-1	-1	-1	-1	-1	-1	47	-1	47	-1	-1	-1	Food_1
10213022	1	2	13	22	2	22	1	22	4	枯荣衣	68	70级标准，衣	704	90	9	3	887000	504000	-1	887000	504000	-1	-1	251000	-1	-1	251000	-1	-1	251000	-1	-1	251000	-1	25000	-1	-1	-1	1275000	504000	-1	25000	-1	-1	-1	1275000	504000	-1	25000	-1	-1	-1	504000	-1	-1	-1	-1	-1	-1	-1	-1	-1	-1	-1	-1	-1	-1	-1	-1	-1	-1	-1	-1	-1	-1	-1	47	-1	47	-1	-1	-1	Food_1
10213023	1	2	13	23	2	23	1	23	4	百虫衣	68	70级标准，衣	704	90	9	3	887000	504000	-1	887000	504000	-1	-1	251000	-1	-1	251000	-1	-1	251000	-1	-1	251000	-1	25000	-1	-1	-1	1275000	504000	-1	25000	-1	-1	-1	1275000	504000	-1	25000	-1	-1	-1	504000	-1	-1	-1	-1	-1	-1	-1	-1	-1	-1	-1	-1	-1	-1	-1	-1	-1	-1	-1	-1	-1	-1	-1	47	-1	47	-1	-1	-1	Food_1
10213024	1	2	13	24	2	24	1	24	4	达摩衣	74	75级标准，衣	896	90	9	3	887000	504000	-1	887000	504000	-1	-1	251000	-1	-1	251000	-1	-1	251000	-1	-1	251000	-1	25000	-1	-1	-1	1275000	504000	-1	25000	-1	-1	-1	1275000	504000	-1	25000	-1	-1	-1	504000	-1	-1	-1	-1	-1	-1	-1	-1	-1	-1	-1	-1	-1	-1	-1	-1	-1	-1	-1	-1	-1	-1	-1	54	-1	54	-1	-1	-1	Food_1
10213025	1	2	13	25	2	25	1	25	4	神龙衣	74	75级标准，衣	896	90	9	3	887000	504000	-1	887000	504000	-1	-1	251000	-1	-1	251000	-1	-1	251000	-1	-1	251000	-1	25000	-1	-1	-1	1275000	504000	-1	25000	-1	-1	-1	1275000	504000	-1	25000	-1	-1	-1	504000	-1	-1	-1	-1	-1	-1	-1	-1	-1	-1	-1	-1	-1	-1	-1	-1	-1	-1	-1	-1	-1	-1	-1	54	-1	54	-1	-1	-1	Food_1
10213026	1	2	13	26	2	26	1	26	4	问情衣	74	75级标准，衣	896	90	9	3	887000	504000	-1	887000	504000	-1	-1	251000	-1	-1	251000	-1	-1	251000	-1	-1	251000	-1	25000	-1	-1	-1	1275000	504000	-1	25000	-1	-1	-1	1275000	504000	-1	25000	-1	-1	-1	504000	-1	-1	-1	-1	-1	-1	-1	-1	-1	-1	-1	-1	-1	-1	-1	-1	-1	-1	-1	-1	-1	-1	-1	54	-1	54	-1	-1	-1	Food_1
10213027	1	2	13	27	2	27	1	27	4	玄武衣	74	75级标准，衣	896	90	9	3	887000	504000	-1	887000	504000	-1	-1	251000	-1	-1	251000	-1	-1	251000	-1	-1	251000	-1	25000	-1	-1	-1	1275000	504000	-1	25000	-1	-1	-1	1275000	504000	-1	25000	-1	-1	-1	504000	-1	-1	-1	-1	-1	-1	-1	-1	-1	-1	-1	-1	-1	-1	-1	-1	-1	-1	-1	-1	-1	-1	-1	54	-1	54	-1	-1	-1	Food_1
10213028	1	2	13	28	2	28	1	28	4	独尊衣	74	75级标准，衣	896	90	9	3	887000	504000	-1	887000	504000	-1	-1	251000	-1	-1	251000	-1	-1	251000	-1	-1	251000	-1	25000	-1	-1	-1	1275000	504000	-1	25000	-1	-1	-1	1275000	504000	-1	25000	-1	-1	-1	504000	-1	-1	-1	-1	-1	-1	-1	-1	-1	-1	-1	-1	-1	-1	-1	-1	-1	-1	-1	-1	-1	-1	-1	54	-1	54	-1	-1	-1	Food_1
10213029	1	2	13	29	2	29	1	29	4	遨游衣	74	75级标准，衣	896	90	9	3	887000	504000	-1	887000	504000	-1	-1	251000	-1	-1	251000	-1	-1	251000	-1	-1	251000	-1	25000	-1	-1	-1	1275000	504000	-1	25000	-1	-1	-1	1275000	504000	-1	25000	-1	-1	-1	504000	-1	-1	-1	-1	-1	-1	-1	-1	-1	-1	-1	-1	-1	-1	-1	-1	-1	-1	-1	-1	-1	-1	-1	54	-1	54	-1	-1	-1	Food_1
10213030	1	2	13	30	2	30	1	30	4	如来衣	79	80级标准，衣	896	90	9	3	887000	504000	-1	887000	504000	-1	-1	251000	-1	-1	251000	-1	-1	251000	-1	-1	251000	-1	25000	-1	-1	-1	1275000	504000	-1	25000	-1	-1	-1	1275000	504000	-1	25000	-1	-1	-1	504000	-1	-1	-1	-1	-1	-1	-1	-1	-1	-1	-1	-1	-1	-1	-1	-1	-1	-1	-1	-1	-1	-1	-1	54	-1	54	-1	-1	-1	Food_1
10213031	1	2	13	31	2	1	1	31	4	龙女衣	79	80级标准，衣	896	90	9	3	887000	504000	-1	887000	504000	-1	-1	251000	-1	-1	251000	-1	-1	251000	-1	-1	251000	-1	25000	-1	-1	-1	1275000	504000	-1	25000	-1	-1	-1	1275000	504000	-1	25000	-1	-1	-1	504000	-1	-1	-1	-1	-1	-1	-1	-1	-1	-1	-1	-1	-1	-1	-1	-1	-1	-1	-1	-1	-1	-1	-1	54	-1	54	-1	-1	-1	Food_1
10213032	1	2	13	32	2	2	1	32	4	圣武衣	79	80级标准，衣	896	90	9	3	887000	504000	-1	887000	504000	-1	-1	251000	-1	-1	251000	-1	-1	251000	-1	-1	251000	-1	25000	-1	-1	-1	1275000	504000	-1	25000	-1	-1	-1	1275000	504000	-1	25000	-1	-1	-1	504000	-1	-1	-1	-1	-1	-1	-1	-1	-1	-1	-1	-1	-1	-1	-1	-1	-1	-1	-1	-1	-1	-1	-1	54	-1	54	-1	-1	-1	Food_1
10213033	1	2	13	33	2	3	1	33	4	北溟衣	79	80级标准，衣	896	90	9	3	887000	504000	-1	887000	504000	-1	-1	251000	-1	-1	251000	-1	-1	251000	-1	-1	251000	-1	25000	-1	-1	-1	1275000	504000	-1	25000	-1	-1	-1	1275000	504000	-1	25000	-1	-1	-1	504000	-1	-1	-1	-1	-1	-1	-1	-1	-1	-1	-1	-1	-1	-1	-1	-1	-1	-1	-1	-1	-1	-1	-1	54	-1	54	-1	-1	-1	Food_1
10213034	1	2	13	34	2	4	1	34	4	八荒衣	79	80级标准，衣	896	90	9	3	887000	504000	-1	887000	504000	-1	-1	251000	-1	-1	251000	-1	-1	251000	-1	-1	251000	-1	25000	-1	-1	-1	1275000	504000	-1	25000	-1	-1	-1	1275000	504000	-1	25000	-1	-1	-1	504000	-1	-1	-1	-1	-1	-1	-1	-1	-1	-1	-1	-1	-1	-1	-1	-1	-1	-1	-1	-1	-1	-1	-1	54	-1	54	-1	-1	-1	Food_1
10213035	1	2	13	35	2	5	1	35	4	天行衣	79	80级标准，衣	896	90	9	3	887000	504000	-1	887000	504000	-1	-1	251000	-1	-1	251000	-1	-1	251000	-1	-1	251000	-1	25000	-1	-1	-1	1275000	504000	-1	25000	-1	-1	-1	1275000	504000	-1	25000	-1	-1	-1	504000	-1	-1	-1	-1	-1	-1	-1	-1	-1	-1	-1	-1	-1	-1	-1	-1	-1	-1	-1	-1	-1	-1	-1	54	-1	54	-1	-1	-1	Food_1
10213036	1	2	13	36	2	6	1	36	4	鬼眼衣	84	85级标准，衣	1184	100	10	3	887000	504000	-1	887000	504000	-1	-1	251000	-1	-1	251000	-1	-1	251000	-1	-1	251000	-1	25000	-1	-1	-1	1275000	504000	-1	25000	-1	-1	-1	1275000	504000	-1	25000	-1	-1	-1	504000	-1	-1	-1	-1	-1	-1	-1	-1	-1	-1	-1	-1	-1	-1	-1	-1	-1	-1	-1	-1	-1	-1	-1	60	-1	60	-1	-1	-1	Food_1
10213037	1	2	13	37	2	7	1	37	4	神形衣	84	85级标准，衣	1184	100	10	3	887000	504000	-1	887000	504000	-1	-1	251000	-1	-1	251000	-1	-1	251000	-1	-1	251000	-1	25000	-1	-1	-1	1275000	504000	-1	25000	-1	-1	-1	1275000	504000	-1	25000	-1	-1	-1	504000	-1	-1	-1	-1	-1	-1	-1	-1	-1	-1	-1	-1	-1	-1	-1	-1	-1	-1	-1	-1	-1	-1	-1	60	-1	60	-1	-1	-1	Food_1
10213038	1	2	13	38	2	8	1	38	4	旋玑衣	84	85级标准，衣	1184	100	10	3	887000	504000	-1	887000	504000	-1	-1	251000	-1	-1	251000	-1	-1	251000	-1	-1	251000	-1	25000	-1	-1	-1	1275000	504000	-1	25000	-1	-1	-1	1275000	504000	-1	25000	-1	-1	-1	504000	-1	-1	-1	-1	-1	-1	-1	-1	-1	-1	-1	-1	-1	-1	-1	-1	-1	-1	-1	-1	-1	-1	-1	60	-1	60	-1	-1	-1	Food_1
10213039	1	2	13	39	2	9	1	39	4	圣灵衣	84	85级标准，衣	1184	100	10	3	887000	504000	-1	887000	504000	-1	-1	251000	-1	-1	251000	-1	-1	251000	-1	-1	251000	-1	25000	-1	-1	-1	1275000	504000	-1	25000	-1	-1	-1	1275000	504000	-1	25000	-1	-1	-1	504000	-1	-1	-1	-1	-1	-1	-1	-1	-1	-1	-1	-1	-1	-1	-1	-1	-1	-1	-1	-1	-1	-1	-1	60	-1	60	-1	-1	-1	Food_1
10213040	1	2	13	40	2	10	1	40	4	金罡衣	84	85级标准，衣	1184	100	10	3	887000	504000	-1	887000	504000	-1	-1	251000	-1	-1	251000	-1	-1	251000	-1	-1	251000	-1	25000	-1	-1	-1	1275000	504000	-1	25000	-1	-1	-1	1275000	504000	-1	25000	-1	-1	-1	504000	-1	-1	-1	-1	-1	-1	-1	-1	-1	-1	-1	-1	-1	-1	-1	-1	-1	-1	-1	-1	-1	-1	-1	60	-1	60	-1	-1	-1	Food_1
10213041	1	2	13	41	2	11	1	41	4	九狐衣	89	90级标准，衣	1184	100	10	3	887000	504000	-1	887000	504000	-1	-1	251000	-1	-1	251000	-1	-1	251000	-1	-1	251000	-1	25000	-1	-1	-1	1275000	504000	-1	25000	-1	-1	-1	1275000	504000	-1	25000	-1	-1	-1	504000	-1	-1	-1	-1	-1	-1	-1	-1	-1	-1	-1	-1	-1	-1	-1	-1	-1	-1	-1	-1	-1	-1	-1	60	-1	60	-1	-1	-1	Food_1
10213042	1	2	13	42	2	12	1	42	4	纯阳衣	89	90级标准，衣	1184	100	10	3	887000	504000	-1	887000	504000	-1	-1	251000	-1	-1	251000	-1	-1	251000	-1	-1	251000	-1	25000	-1	-1	-1	1275000	504000	-1	25000	-1	-1	-1	1275000	504000	-1	25000	-1	-1	-1	504000	-1	-1	-1	-1	-1	-1	-1	-1	-1	-1	-1	-1	-1	-1	-1	-1	-1	-1	-1	-1	-1	-1	-1	60	-1	60	-1	-1	-1	Food_1
10213043	1	2	13	43	2	13	1	43	4	踏风衣	89	90级标准，衣	1184	100	10	3	887000	504000	-1	887000	504000	-1	-1	251000	-1	-1	251000	-1	-1	251000	-1	-1	251000	-1	25000	-1	-1	-1	1275000	504000	-1	25000	-1	-1	-1	1275000	504000	-1	25000	-1	-1	-1	504000	-1	-1	-1	-1	-1	-1	-1	-1	-1	-1	-1	-1	-1	-1	-1	-1	-1	-1	-1	-1	-1	-1	-1	60	-1	60	-1	-1	-1	Food_1
10213044	1	2	13	44	2	14	1	44	4	青溥衣	89	90级标准，衣	1184	100	10	3	887000	504000	-1	887000	504000	-1	-1	251000	-1	-1	251000	-1	-1	251000	-1	-1	251000	-1	25000	-1	-1	-1	1275000	504000	-1	25000	-1	-1	-1	1275000	504000	-1	25000	-1	-1	-1	504000	-1	-1	-1	-1	-1	-1	-1	-1	-1	-1	-1	-1	-1	-1	-1	-1	-1	-1	-1	-1	-1	-1	-1	60	-1	60	-1	-1	-1	Food_1
10213045	1	2	13	45	2	15	1	45	4	归元衣	94	95级标准，衣	1536	100	10	3	887000	504000	-1	887000	504000	-1	-1	251000	-1	-1	251000	-1	-1	251000	-1	-1	251000	-1	25000	-1	-1	-1	1275000	504000	-1	25000	-1	-1	-1	1275000	504000	-1	25000	-1	-1	-1	504000	-1	-1	-1	-1	-1	-1	-1	-1	-1	-1	-1	-1	-1	-1	-1	-1	-1	-1	-1	-1	-1	-1	-1	66	-1	66	-1	-1	-1	Food_1
10213046	1	2	13	46	2	16	1	46	4	天神衣	94	95级标准，衣	1536	100	10	3	887000	504000	-1	887000	504000	-1	-1	251000	-1	-1	251000	-1	-1	251000	-1	-1	251000	-1	25000	-1	-1	-1	1275000	504000	-1	25000	-1	-1	-1	1275000	504000	-1	25000	-1	-1	-1	504000	-1	-1	-1	-1	-1	-1	-1	-1	-1	-1	-1	-1	-1	-1	-1	-1	-1	-1	-1	-1	-1	-1	-1	66	-1	66	-1	-1	-1	Food_1
10213047	1	2	13	47	2	17	1	47	4	龙牙衣	94	95级标准，衣	1536	100	10	3	887000	504000	-1	887000	504000	-1	-1	251000	-1	-1	251000	-1	-1	251000	-1	-1	251000	-1	25000	-1	-1	-1	1275000	504000	-1	25000	-1	-1	-1	1275000	504000	-1	25000	-1	-1	-1	504000	-1	-1	-1	-1	-1	-1	-1	-1	-1	-1	-1	-1	-1	-1	-1	-1	-1	-1	-1	-1	-1	-1	-1	66	-1	66	-1	-1	-1	Food_1
10213048	1	2	13	48	2	18	1	48	4	修罗衣	99	100级标准，衣	1536	100	10	3	887000	504000	-1	887000	504000	-1	-1	251000	-1	-1	251000	-1	-1	251000	-1	-1	251000	-1	25000	-1	-1	-1	1275000	504000	-1	25000	-1	-1	-1	1275000	504000	-1	25000	-1	-1	-1	504000	-1	-1	-1	-1	-1	-1	-1	-1	-1	-1	-1	-1	-1	-1	-1	-1	-1	-1	-1	-1	-1	-1	-1	66	-1	66	-1	-1	-1	Food_1
10213049	1	2	13	49	2	19	1	49	4	命刻衣	99	100级标准，衣	1536	100	10	3	887000	504000	-1	887000	504000	-1	-1	251000	-1	-1	251000	-1	-1	251000	-1	-1	251000	-1	25000	-1	-1	-1	1275000	504000	-1	25000	-1	-1	-1	1275000	504000	-1	25000	-1	-1	-1	504000	-1	-1	-1	-1	-1	-1	-1	-1	-1	-1	-1	-1	-1	-1	-1	-1	-1	-1	-1	-1	-1	-1	-1	66	-1	66	-1	-1	-1	Food_1
10213050	1	2	13	50	2	20	1	50	4	空梦衣	99	100级标准，衣	1536	100	10	3	887000	504000	-1	887000	504000	-1	-1	251000	-1	-1	251000	-1	-1	251000	-1	-1	251000	-1	25000	-1	-1	-1	1275000	504000	-1	25000	-1	-1	-1	1275000	504000	-1	25000	-1	-1	-1	504000	-1	-1	-1	-1	-1	-1	-1	-1	-1	-1	-1	-1	-1	-1	-1	-1	-1	-1	-1	-1	-1	-1	-1	66	-1	66	-1	-1	-1	Food_1
10220001	1	2	20	1	7	-1	1	-1	-1	八卦护符	8	10级标准，项链类	160	60	6	0	-1	-1	-1	-1	-1	-1	-1	-1	-1	-1	-1	-1	-1	-1	-1	-1	-1	-1	-1	-1	-1	-1	-1	-1	-1	-1	-1	-1	-1	-1	-1	-1	-1	-1	-1	2600000	2600000	504000	-1	-1	-1	-1	504000	504000	504000	504000	504000	-1	25000	-1	-1	-1	-1	-1	-1	-1	-1	-1	-1	-1	-1	-1	-1	-1	3	-1	Necklace_1
10220002	1	2	20	2	7	-1	1	-1	-1	神草结	18	20级标准，项链类	200	60	6	0	-1	-1	-1	-1	-1	-1	-1	-1	-1	-1	-1	-1	-1	-1	-1	-1	-1	-1	-1	-1	-1	-1	-1	-1	-1	-1	-1	-1	-1	-1	-1	-1	-1	-1	-1	2600000	2600000	504000	-1	-1	-1	-1	504000	504000	504000	504000	504000	-1	25000	-1	-1	-1	-1	-1	-1	-1	-1	-1	-1	-1	-1	-1	-1	-1	5	-1	Necklace_2
10220003	1	2	20	3	7	-1	1	-1	-1	太极护符	28	30级标准，项链类	276	70	7	0	-1	-1	-1	-1	-1	-1	-1	-1	-1	-1	-1	-1	-1	-1	-1	-1	-1	-1	-1	-1	-1	-1	-1	-1	-1	-1	-1	-1	-1	-1	-1	-1	-1	-1	-1	2600000	2600000	504000	-1	-1	-1	-1	504000	504000	504000	504000	504000	-1	25000	-1	-1	-1	-1	-1	-1	-1	-1	-1	-1	-1	-1	-1	-1	-1	7	-1	Necklace_3
10220004	1	2	20	4	7	-1	1	-1	-1	七情束	38	40级标准，项链	356	70	7	0	-1	-1	-1	-1	-1	-1	-1	-1	-1	-1	-1	-1	-1	-1	-1	-1	-1	-1	-1	-1	-1	-1	-1	-1	-1	-1	-1	-1	-1	-1	-1	-1	-1	-1	-1	2600000	2600000	504000	-1	-1	-1	-1	504000	504000	504000	504000	504000	-1	25000	-1	-1	-1	-1	-1	-1	-1	-1	-1	-1	-1	-1	-1	-1	-1	9	-1	Necklace_4
10220005	1	2	20	5	7	-1	1	-1	-1	红绫兜	48	50级标准，项链	516	80	8	0	-1	-1	-1	-1	-1	-1	-1	-1	-1	-1	-1	-1	-1	-1	-1	-1	-1	-1	-1	-1	-1	-1	-1	-1	-1	-1	-1	-1	-1	-1	-1	-1	-1	-1	-1	2600000	2600000	504000	-1	-1	-1	-1	504000	504000	504000	504000	504000	-1	25000	-1	-1	-1	-1	-1	-1	-1	-1	-1	-1	-1	-1	-1	-1	-1	10	-1	Necklace_5
10220006	1	2	20	6	7	-1	1	-1	-1	御衡	58	60级标准，项链类	672	80	8	0	-1	-1	-1	-1	-1	-1	-1	-1	-1	-1	-1	-1	-1	-1	-1	-1	-1	-1	-1	-1	-1	-1	-1	-1	-1	-1	-1	-1	-1	-1	-1	-1	-1	-1	-1	2600000	2600000	504000	-1	-1	-1	-1	504000	504000	504000	504000	504000	-1	25000	-1	-1	-1	-1	-1	-1	-1	-1	-1	-1	-1	-1	-1	-1	-1	12	-1	Necklace_6
10220007	1	2	20	7	7	-1	1	-1	-1	龙雀	68	70级标准，项链类	872	90	9	0	-1	-1	-1	-1	-1	-1	-1	-1	-1	-1	-1	-1	-1	-1	-1	-1	-1	-1	-1	-1	-1	-1	-1	-1	-1	-1	-1	-1	-1	-1	-1	-1	-1	-1	-1	2600000	2600000	504000	-1	-1	-1	-1	504000	504000	504000	504000	504000	-1	25000	-1	-1	-1	-1	-1	-1	-1	-1	-1	-1	-1	-1	-1	-1	-1	14	-1	Necklace_7
10220008	1	2	20	8	7	-1	1	-1	-1	镜舞	78	80级标准，项链类	1108	90	9	0	-1	-1	-1	-1	-1	-1	-1	-1	-1	-1	-1	-1	-1	-1	-1	-1	-1	-1	-1	-1	-1	-1	-1	-1	-1	-1	-1	-1	-1	-1	-1	-1	-1	-1	-1	2600000	2600000	504000	-1	-1	-1	-1	504000	504000	504000	504000	504000	-1	25000	-1	-1	-1	-1	-1	-1	-1	-1	-1	-1	-1	-1	-1	-1	-1	16	-1	Necklace_8
10220009	1	2	20	9	7	-1	1	-1	-1	封魄	88	90级标准，项链类	1464	100	10	0	-1	-1	-1	-1	-1	-1	-1	-1	-1	-1	-1	-1	-1	-1	-1	-1	-1	-1	-1	-1	-1	-1	-1	-1	-1	-1	-1	-1	-1	-1	-1	-1	-1	-1	-1	2600000	2600000	504000	-1	-1	-1	-1	504000	504000	504000	504000	504000	-1	25000	-1	-1	-1	-1	-1	-1	-1	-1	-1	-1	-1	-1	-1	-1	-1	18	-1	Necklace_9
10220010	1	2	20	10	7	-1	1	-1	-1	鬼云	98	100级标准，项链类	1900	100	10	0	-1	-1	-1	-1	-1	-1	-1	-1	-1	-1	-1	-1	-1	-1	-1	-1	-1	-1	-1	-1	-1	-1	-1	-1	-1	-1	-1	-1	-1	-1	-1	-1	-1	-1	-1	2600000	2600000	504000	-1	-1	-1	-1	504000	504000	504000	504000	504000	-1	25000	-1	-1	-1	-1	-1	-1	-1	-1	-1	-1	-1	-1	-1	-1	-1	19	-1	Necklace_10
10221001	1	2	21	1	5	-1	1	-1	-1	藏璎腰带	2	10级标准，腰饰类	176	60	6	0	-1	-1	-1	-1	-1	-1	-1	-1	-1	-1	-1	-1	-1	-1	-1	-1	-1	-1	-1	-1	-1	-1	-1	-1	-1	-1	-1	-1	-1	-1	-1	-1	-1	-1	-1	2600000	2600000	504000	-1	-1	-1	-1	504000	504000	504000	504000	504000	-1	25000	-1	-1	-1	-1	-1	-1	-1	-1	-1	-1	-1	-1	-1	-1	-1	2	-1	Girdle_1
10221002	1	2	21	2	5	-1	1	-1	-1	白虹带	12	20级标准，腰饰类	220	60	6	0	-1	-1	-1	-1	-1	-1	-1	-1	-1	-1	-1	-1	-1	-1	-1	-1	-1	-1	-1	-1	-1	-1	-1	-1	-1	-1	-1	-1	-1	-1	-1	-1	-1	-1	-1	2600000	2600000	504000	-1	-1	-1	-1	504000	504000	504000	504000	504000	-1	25000	-1	-1	-1	-1	-1	-1	-1	-1	-1	-1	-1	-1	-1	-1	-1	4	-1	Girdle_2
10221003	1	2	21	3	5	-1	1	-1	-1	北斗箍环	22	30级标准，腰饰类	308	70	7	0	-1	-1	-1	-1	-1	-1	-1	-1	-1	-1	-1	-1	-1	-1	-1	-1	-1	-1	-1	-1	-1	-1	-1	-1	-1	-1	-1	-1	-1	-1	-1	-1	-1	-1	-1	2600000	2600000	504000	-1	-1	-1	-1	504000	504000	504000	504000	504000	-1	25000	-1	-1	-1	-1	-1	-1	-1	-1	-1	-1	-1	-1	-1	-1	-1	5	-1	Girdle_3
10221004	1	2	21	4	5	-1	1	-1	-1	形意环带	32	40级标准，腰饰类	396	70	7	0	-1	-1	-1	-1	-1	-1	-1	-1	-1	-1	-1	-1	-1	-1	-1	-1	-1	-1	-1	-1	-1	-1	-1	-1	-1	-1	-1	-1	-1	-1	-1	-1	-1	-1	-1	2600000	2600000	504000	-1	-1	-1	-1	504000	504000	504000	504000	504000	-1	25000	-1	-1	-1	-1	-1	-1	-1	-1	-1	-1	-1	-1	-1	-1	-1	6	-1	Girdle_4
10221005	1	2	21	5	5	-1	1	-1	-1	叹云带	42	50级标准，腰饰类	572	80	8	0	-1	-1	-1	-1	-1	-1	-1	-1	-1	-1	-1	-1	-1	-1	-1	-1	-1	-1	-1	-1	-1	-1	-1	-1	-1	-1	-1	-1	-1	-1	-1	-1	-1	-1	-1	2600000	2600000	504000	-1	-1	-1	-1	504000	504000	504000	504000	504000	-1	25000	-1	-1	-1	-1	-1	-1	-1	-1	-1	-1	-1	-1	-1	-1	-1	8	-1	Girdle_5
10221006	1	2	21	6	5	-1	1	-1	-1	混天带	52	60级标准，腰饰类	748	80	8	0	-1	-1	-1	-1	-1	-1	-1	-1	-1	-1	-1	-1	-1	-1	-1	-1	-1	-1	-1	-1	-1	-1	-1	-1	-1	-1	-1	-1	-1	-1	-1	-1	-1	-1	-1	2600000	2600000	504000	-1	-1	-1	-1	504000	504000	504000	504000	504000	-1	25000	-1	-1	-1	-1	-1	-1	-1	-1	-1	-1	-1	-1	-1	-1	-1	9	-1	Girdle_6
10221007	1	2	21	7	5	-1	1	-1	-1	神霄带	62	70级标准，腰饰类	968	90	9	0	-1	-1	-1	-1	-1	-1	-1	-1	-1	-1	-1	-1	-1	-1	-1	-1	-1	-1	-1	-1	-1	-1	-1	-1	-1	-1	-1	-1	-1	-1	-1	-1	-1	-1	-1	2600000	2600000	504000	-1	-1	-1	-1	504000	504000	504000	504000	504000	-1	25000	-1	-1	-1	-1	-1	-1	-1	-1	-1	-1	-1	-1	-1	-1	-1	11	-1	Girdle_7
10221008	1	2	21	8	5	-1	1	-1	-1	罗咒带	72	80级标准，腰饰类	1232	90	9	0	-1	-1	-1	-1	-1	-1	-1	-1	-1	-1	-1	-1	-1	-1	-1	-1	-1	-1	-1	-1	-1	-1	-1	-1	-1	-1	-1	-1	-1	-1	-1	-1	-1	-1	-1	2600000	2600000	504000	-1	-1	-1	-1	504000	504000	504000	504000	504000	-1	25000	-1	-1	-1	-1	-1	-1	-1	-1	-1	-1	-1	-1	-1	-1	-1	12	-1	Girdle_8
10221009	1	2	21	9	5	-1	1	-1	-1	天罗带	82	90级标准，腰饰类	1628	100	10	0	-1	-1	-1	-1	-1	-1	-1	-1	-1	-1	-1	-1	-1	-1	-1	-1	-1	-1	-1	-1	-1	-1	-1	-1	-1	-1	-1	-1	-1	-1	-1	-1	-1	-1	-1	2600000	2600000	504000	-1	-1	-1	-1	504000	504000	504000	504000	504000	-1	25000	-1	-1	-1	-1	-1	-1	-1	-1	-1	-1	-1	-1	-1	-1	-1	13	-1	Girdle_9
10221010	1	2	21	10	5	-1	1	-1	-1	镇日带	92	100级标准，腰饰类	2112	100	10	0	-1	-1	-1	-1	-1	-1	-1	-1	-1	-1	-1	-1	-1	-1	-1	-1	-1	-1	-1	-1	-1	-1	-1	-1	-1	-1	-1	-1	-1	-1	-1	-1	-1	-1	-1	2600000	2600000	504000	-1	-1	-1	-1	504000	504000	504000	504000	504000	-1	25000	-1	-1	-1	-1	-1	-1	-1	-1	-1	-1	-1	-1	-1	-1	-1	15	-1	Girdle_10
10222001	1	2	22	1	6	-1	1	-1	-1	辟邪戒指	5	10级标准，戒指类	192	60	6	0	-1	-1	-1	-1	-1	-1	-1	-1	-1	-1	-1	-1	-1	-1	-1	-1	-1	-1	-1	-1	-1	-1	-1	-1	-1	-1	-1	-1	-1	-1	-1	-1	-1	-1	-1	2600000	2600000	504000	-1	-1	-1	-1	504000	504000	504000	504000	504000	-1	25000	-1	-1	-1	-1	-1	-1	-1	-1	-1	-1	-1	-1	-1	-1	-1	2	-1	Ring_1
10222002	1	2	22	2	6	-1	1	-1	-1	玲珑戒指	15	20级标准，戒指类	244	60	6	0	-1	-1	-1	-1	-1	-1	-1	-1	-1	-1	-1	-1	-1	-1	-1	-1	-1	-1	-1	-1	-1	-1	-1	-1	-1	-1	-1	-1	-1	-1	-1	-1	-1	-1	-1	2600000	2600000	504000	-1	-1	-1	-1	504000	504000	504000	504000	504000	-1	25000	-1	-1	-1	-1	-1	-1	-1	-1	-1	-1	-1	-1	-1	-1	-1	4	-1	Ring_2
10222003	1	2	22	3	6	-1	1	-1	-1	凤霞戒指	25	30级标准，戒指类	340	70	7	0	-1	-1	-1	-1	-1	-1	-1	-1	-1	-1	-1	-1	-1	-1	-1	-1	-1	-1	-1	-1	-1	-1	-1	-1	-1	-1	-1	-1	-1	-1	-1	-1	-1	-1	-1	2600000	2600000	504000	-1	-1	-1	-1	504000	504000	504000	504000	504000	-1	25000	-1	-1	-1	-1	-1	-1	-1	-1	-1	-1	-1	-1	-1	-1	-1	5	-1	Ring_3
10222004	1	2	22	4	6	-1	1	-1	-1	龙纹戒指	35	40级标准，戒指类	436	70	7	0	-1	-1	-1	-1	-1	-1	-1	-1	-1	-1	-1	-1	-1	-1	-1	-1	-1	-1	-1	-1	-1	-1	-1	-1	-1	-1	-1	-1	-1	-1	-1	-1	-1	-1	-1	2600000	2600000	504000	-1	-1	-1	-1	504000	504000	504000	504000	504000	-1	25000	-1	-1	-1	-1	-1	-1	-1	-1	-1	-1	-1	-1	-1	-1	-1	6	-1	Ring_4
10222005	1	2	22	5	6	-1	1	-1	-1	流光	45	50级标准，戒指类	628	80	8	0	-1	-1	-1	-1	-1	-1	-1	-1	-1	-1	-1	-1	-1	-1	-1	-1	-1	-1	-1	-1	-1	-1	-1	-1	-1	-1	-1	-1	-1	-1	-1	-1	-1	-1	-1	2600000	2600000	504000	-1	-1	-1	-1	504000	504000	504000	504000	504000	-1	25000	-1	-1	-1	-1	-1	-1	-1	-1	-1	-1	-1	-1	-1	-1	-1	8	-1	Ring_5
10222006	1	2	22	6	6	-1	1	-1	-1	飞天	55	60级标准，戒指类	824	80	8	0	-1	-1	-1	-1	-1	-1	-1	-1	-1	-1	-1	-1	-1	-1	-1	-1	-1	-1	-1	-1	-1	-1	-1	-1	-1	-1	-1	-1	-1	-1	-1	-1	-1	-1	-1	2600000	2600000	504000	-1	-1	-1	-1	504000	504000	504000	504000	504000	-1	25000	-1	-1	-1	-1	-1	-1	-1	-1	-1	-1	-1	-1	-1	-1	-1	9	-1	Ring_6
10222007	1	2	22	7	6	-1	1	-1	-1	碧英	65	70级标准，戒指类	1064	90	9	0	-1	-1	-1	-1	-1	-1	-1	-1	-1	-1	-1	-1	-1	-1	-1	-1	-1	-1	-1	-1	-1	-1	-1	-1	-1	-1	-1	-1	-1	-1	-1	-1	-1	-1	-1	2600000	2600000	504000	-1	-1	-1	-1	504000	504000	504000	504000	504000	-1	25000	-1	-1	-1	-1	-1	-1	-1	-1	-1	-1	-1	-1	-1	-1	-1	11	-1	Ring_7
10222008	1	2	22	8	6	-1	1	-1	-1	蓝堂	75	80级标准，戒指类	1356	90	9	0	-1	-1	-1	-1	-1	-1	-1	-1	-1	-1	-1	-1	-1	-1	-1	-1	-1	-1	-1	-1	-1	-1	-1	-1	-1	-1	-1	-1	-1	-1	-1	-1	-1	-1	-1	2600000	2600000	504000	-1	-1	-1	-1	504000	504000	504000	504000	504000	-1	25000	-1	-1	-1	-1	-1	-1	-1	-1	-1	-1	-1	-1	-1	-1	-1	12	-1	Ring_8
10222009	1	2	22	9	6	-1	1	-1	-1	千佛	85	90级标准，戒指类	1792	100	10	0	-1	-1	-1	-1	-1	-1	-1	-1	-1	-1	-1	-1	-1	-1	-1	-1	-1	-1	-1	-1	-1	-1	-1	-1	-1	-1	-1	-1	-1	-1	-1	-1	-1	-1	-1	2600000	2600000	504000	-1	-1	-1	-1	504000	504000	504000	504000	504000	-1	25000	-1	-1	-1	-1	-1	-1	-1	-1	-1	-1	-1	-1	-1	-1	-1	13	-1	Ring_9
10222010	1	2	22	10	6	-1	1	-1	-1	般若	95	100级标准，戒指类	2324	100	10	0	-1	-1	-1	-1	-1	-1	-1	-1	-1	-1	-1	-1	-1	-1	-1	-1	-1	-1	-1	-1	-1	-1	-1	-1	-1	-1	-1	-1	-1	-1	-1	-1	-1	-1	-1	2600000	2600000	504000	-1	-1	-1	-1	504000	504000	504000	504000	504000	-1	25000	-1	-1	-1	-1	-1	-1	-1	-1	-1	-1	-1	-1	-1	-1	-1	15	-1	Ring_10
